0.000000000000000 0.048882825427113 -0.089743686165830
0.050834506773104 0.056562806044003 -0.092173353022833
0.101669013546209 0.064285125623045 -0.094554109025147
0.152503520319313 0.071949007458625 -0.097072404490661
0.203338027092417 0.079564506381802 -0.099429489305634
0.254172533865521 0.087220147744732 -0.102042755963623
0.305007040638626 0.094681562395293 -0.104345139568759
0.355841547411730 0.102264814562780 -0.106987816974943
0.406676054184834 0.109606684892321 -0.109298735004736
0.457510560957938 0.117078369801155 -0.111939950649526
0.508345067731043 0.124456079783294 -0.114404108184343
0.559179574504147 0.131498083861192 -0.116761940139362
0.610014081277251 0.138882545683992 -0.119357569782799
0.660848588050355 0.145894379246505 -0.121804275351021
0.711683094823460 0.152890342996066 -0.124184062319844
0.762517601596564 0.159837517036825 -0.126696000879557
0.813352108369668 0.166767560893510 -0.129130858950365
0.864186615142773 0.173276298005499 -0.131410718607331
0.915021121915877 0.180106176971084 -0.133878157159816
0.965855628688981 0.186441819218308 -0.136135814260804
1.016690135462085 0.192993336123405 -0.138497410522145
1.067524642235189 0.199254912199002 -0.140799429646791
1.118359149008294 0.205443198587005 -0.142994590381425
1.169193655781398 0.211445001107077 -0.145205598805297
1.220028162554502 0.217180873688716 -0.147181135853153
1.270862669327607 0.223483095842020 -0.149673649459461
1.321697176100711 0.228445799271179 -0.151209929446447
1.372531682873815 0.234609032817326 -0.153678396202535
1.423366189646919 0.239441648012658 -0.155203454941264
1.474200696420024 0.244747809234029 -0.157175361257883
1.525035203193128 0.250284314853602 -0.159212358818813
1.575869709966232 0.254310411460471 -0.160419316434958
1.626704216739336 0.259992505233723 -0.162593620666284
1.677538723512441 0.263866723422191 -0.163749390747354
1.728373230285545 0.268571564569402 -0.165347020773206
1.779207737058649 0.272704487488968 -0.166696617161032
1.830042243831753 0.276731664140845 -0.167900093160210
1.880876750604858 0.281012286553588 -0.169353757576919
1.931711257377962 0.284198196956738 -0.170058933972403
1.982545764151066 0.287956537807064 -0.171203654472018
2.033380270924170 0.291513761058521 -0.172127493768188
2.084214777697275 0.294404502631288 -0.172745643914484
2.135049284470379 0.297738800026645 -0.173520352280563
2.185883791243483 0.300081331705348 -0.173796508098393
2.236718298016588 0.303143779711044 -0.174381368019413
2.287552804789692 0.305213267751129 -0.174464189481927
2.338387311562796 0.307754526280753 -0.174703708921733
2.389221818335900 0.309742482292679 -0.174688845723886
2.440056325109004 0.311618905366135 -0.174492105459385
2.490890831882109 0.313093524279417 -0.174126329718178
2.541725338655213 0.314964563506375 -0.173854353836091
2.592559845428317 0.316039537992492 -0.173187666637468
2.643394352201422 0.317123685085159 -0.172398690193957
2.694228858974526 0.318262795074264 -0.171676431542486
2.745063365747630 0.318754296147786 -0.170470201241353
2.795897872520734 0.319569191770981 -0.169469198234139
2.846732379293839 0.319669175207357 -0.167948847807332
2.897566886066943 0.320187290933548 -0.166674255917583
2.948401392840047 0.319839286170830 -0.164803808134785
2.999235899613151 0.319983512299986 -0.163209270937252
3.050070406386256 0.319398927885515 -0.161092157262749
3.100904913159360 0.319001957866681 -0.159088519586598
3.151739419932464 0.318351143678868 -0.156802768351801
3.202573926705568 0.317320071575457 -0.154343987771652
3.253408433478673 0.316404570448973 -0.151787358952277
3.304242940251777 0.315099502398502 -0.149051616558621
3.355077447024881 0.313867364869598 -0.146194885596630
3.405911953797986 0.312195562324687 -0.143137964782795
3.456746460571090 0.310693147363392 -0.140003459587982
3.507580967344194 0.308624095750467 -0.136615882248352
3.558415474117298 0.306897475588151 -0.133226701224211
3.609249980890402 0.304530070508008 -0.129557256204767
3.660084487663507 0.302412818506286 -0.125846532966105
3.710918994436611 0.299872555756123 -0.121955551492954
3.761753501209716 0.297421408450997 -0.117956440938328
3.812588007982820 0.294732745996131 -0.113856881336412
3.863422514755924 0.291883664777225 -0.109556211337844
3.914257021529028 0.288992399984679 -0.105236469761586
3.965091528302132 0.285937290226494 -0.100721199017831
4.015926035075236 0.282746979791719 -0.096157481516482
4.066760541848341 0.279494725661058 -0.091445117810266
4.117595048621445 0.276117093723021 -0.086690816338470
4.168429555394550 0.272555496868289 -0.081762458117409
4.219264062167654 0.269233953889212 -0.076903282460736
4.270098568940758 0.265230079979178 -0.071740611521638
4.320933075713862 0.261745370217823 -0.066729933913557
4.371767582486966 0.257744925991878 -0.061478907636007
4.422602089260071 0.253825805542919 -0.056270215759796
4.473436596033175 0.250028036814709 -0.050985990264458
4.524271102806280 0.245722754674114 -0.045621121118611
4.575105609579383 0.241826207890922 -0.040251462351566
4.625940116352488 0.237326728491511 -0.034808472797990
4.676774623125592 0.233413341434734 -0.029385743273076
4.727609129898696 0.228828697692233 -0.023902272371709
4.778443636671801 0.224722506837573 -0.018423112250335
4.829278143444905 0.220045806463647 -0.012929174413277
4.880112650218009 0.215985852985172 -0.007436751889462
4.930947156991113 0.211155822249706 -0.001948607676172
4.981781663764218 0.206886098079794 0.003536411067995
5.032616170537321 0.202180121485986 0.008983838786841
5.083450677310426 0.197784220951216 0.014433453862859
5.134285184083531 0.193043217582045 0.019820701907976
5.185119690856634 0.188672096374189 0.025217858891082
5.235954197629739 0.183849326599340 0.030519169425861
5.286788704402843 0.179227684122791 0.035779620461822
5.337623211175947 0.174919687694543 0.041090373325698
5.388457717949052 0.169780581530766 0.046114751954381
5.439292224722156 0.165653097046805 0.051362598583735
5.490126731495260 0.160654846119952 0.056269097335765
5.540961238268364 0.156168793661891 0.061267796623951
5.591795745041469 0.151581186779661 0.066140978465650
5.642630251814572 0.146979346426046 0.070943735526021
5.693464758587678 0.142389243239691 0.075622567675903
5.744299265360782 0.137791215797941 0.080232934184843
5.795133772133886 0.133143347325496 0.084637763310724
5.845968278906990 0.128927707463177 0.089284964028768
5.896802785680094 0.124049380119423 0.093281399884101
5.947637292453198 0.119915185665748 0.097763854166107
5.998471799226302 0.115177775809925 0.101564481879256
6.049306305999408 0.110950650608695 0.105718227001162
6.100140812772511 0.106590607895121 0.109558479945591
6.150975319545616 0.102083189133545 0.113148655822020
6.201809826318720 0.097912107009312 0.116839042943891
6.252644333091824 0.093671369883469 0.120427336349013
6.303478839864928 0.089246544517374 0.123423749599586
6.354313346638033 0.085413177929791 0.127231247173660
6.405147853411137 0.080889849746222 0.129653843368462
6.455982360184241 0.077160328713606 0.133290409133196
6.506816866957346 0.072790491164458 0.135460997347192
6.557651373730450 0.069106360907976 0.138833542059081
6.608485880503554 0.064929794896972 0.140850513840980
6.659320387276658 0.061148619676809 0.143594572652195
6.710154894049762 0.057336469271356 0.145886044071502
6.760989400822867 0.053453808511132 0.147895283471264
6.811823907595971 0.049826700584078 0.150083746784697
6.862658414369076 0.046125458715688 0.152064446648474
6.913492921142180 0.042507686105180 0.153666944337623
6.964327427915284 0.038926908642582 0.155382109535163
7.015161934688388 0.035473463479711 0.156864454230889
7.065996441461492 0.032033892399465 0.158485810691158
7.116830948234597 0.028660426832263 0.159529291006563
7.167665455007701 0.025309587330917 0.160721260400562
7.218499961780805 0.022106454681664 0.161733860891838
7.269334468553910 0.018868629220872 0.162633502329118
7.320168975327014 0.015793315299893 0.163414440587374
7.371003482100118 0.012679037465351 0.164062003865587
7.421837988873222 0.009731814943664 0.164607833210813
7.472672495646327 0.006744731576576 0.165014526933789
7.523507002419431 0.003927237914402 0.165332334178261
7.574341509192535 0.001069925854359 0.165504226869136
7.625176015965639 -0.001616598343152 0.165610341119553
7.676010522738743 -0.004340917037239 0.165528191130594
7.726845029511848 -0.006904554164413 0.165610747327174
7.777679536284952 -0.009494618229543 0.165192401675983
7.828514043058056 -0.011914459206511 0.164880437414145
7.879348549831161 -0.014374126442368 0.164410494008340
7.930183056604265 -0.016670118246759 0.163995700581839
7.981017563377369 -0.019014617928708 0.163449905594749
8.031852070150473 -0.021120515052957 0.162388540966290
8.082686576923578 -0.023391424059957 0.162116944436436
8.133521083696682 -0.025351644549002 0.160808809444844
8.184355590469785 -0.027438365299595 0.160010005528482
8.235190097242890 -0.029346627852853 0.159058575674303
8.286024604015994 -0.031230177323176 0.157695558093436
8.336859110789099 -0.033060832422026 0.156863395170443
8.387693617562203 -0.034771421332671 0.155178101125318
8.438528124335308 -0.036478362457058 0.154220218131396
8.489362631108412 -0.038094373629516 0.152576411773984
8.540197137881515 -0.039588835433551 0.151142395487153
8.591031644654620 -0.041182977629778 0.149799115074039
8.641866151427724 -0.042476858102034 0.147972102503121
8.692700658200829 -0.043900526079946 0.146378386473633
8.743535164973933 -0.045199858139691 0.144891799321027
8.794369671747036 -0.046408932347714 0.142895863609144
8.845204178520142 -0.047536135467065 0.141172615957375
8.896038685293245 -0.048689459138913 0.139306459531159
8.946873192066350 -0.049678028861183 0.137444834576450
8.997707698839454 -0.050713497124468 0.135507633047820
9.048542205612559 -0.051580481214615 0.133563735703692
9.099376712385663 -0.052471285137253 0.131490490896606
9.150211219158766 -0.053208880046827 0.129456120664966
9.201045725931872 -0.054014603937387 0.127400483580310
9.251880232704975 -0.054627153117191 0.125283927070019
9.302714739478080 -0.055292052285573 0.123113670339326
9.353549246251184 -0.055786182627250 0.120940672605871
9.404383753024289 -0.056341138093560 0.118731700145886
9.455218259797393 -0.056718064969063 0.116507160026806
9.506052766570496 -0.057242510190985 0.114415226179884
9.556887273343602 -0.057405162610015 0.111943896506081
9.607721780116705 -0.057813084772567 0.109801972433977
9.658556286889810 -0.057937785423093 0.107441005597281
9.709390793662914 -0.058218050231181 0.105221934398367
9.760225300436018 -0.058220065350117 0.102808302077755
9.811059807209123 -0.058406052728832 0.100580362710462
9.861894313982226 -0.058328377901529 0.098189572064071
9.912728820755332 -0.058368470239337 0.095866431159750
9.963563327528435 -0.058230683406202 0.093530536969708
10.014397834301541 -0.058118961181237 0.091111947903981
10.065232341074642 -0.057970605206700 0.088903475162378
10.116066847847748 -0.057768225471362 0.086483607688672
10.166901354620853 -0.057442257355934 0.084144127345954
10.217735861393956 -0.057195163865066 0.081798395622456
10.268570368167062 -0.056781877881928 0.079467078584095
10.319404874940165 -0.056483509871779 0.077177332445857
10.370239381713269 -0.055969764493414 0.074834500385981
10.421073888486374 -0.055553145370243 0.072510531678478
10.471908395259478 -0.054959298298289 0.070190081185244
10.522742902032583 -0.054552003122861 0.067995603725163
10.573577408805686 -0.053833230159851 0.065636138868742
10.624411915578792 -0.053316233869358 0.063421350888083
10.675246422351893 -0.052579778828718 0.061158683245489
10.726080929124999 -0.051995543464609 0.058973084317312
10.776915435898104 -0.051166753103801 0.056716403457758
10.827749942671208 -0.050499927566409 0.054546939815212
10.878584449444313 -0.049701777137324 0.052429442737123
10.929418956217416 -0.048908201476238 0.050226937043556
10.980253462990520 -0.048031165492718 0.048131281746280
11.031087969763623 -0.047225475595493 0.046019228439881
11.081922476536729 -0.046278161989018 0.043953260385935
11.132756983309834 -0.045457736919650 0.041923459749595
11.183591490082938 -0.044443886729305 0.039890234256449
11.234425996856043 -0.043514048137190 0.037857965121298
11.285260503629145 -0.042552651644510 0.035963861113857
11.336095010402250 -0.041528159196635 0.033943480582356
11.386929517175355 -0.040540371192526 0.032115226935729
11.437764023948459 -0.039490852914954 0.030166518941658
11.488598530721564 -0.038412376044821 0.028354363043684
11.539433037494668 -0.037393476632384 0.026518133268917
11.590267544267771 -0.036261352382209 0.024750273555735
11.641102051040875 -0.035207290259989 0.022974713218536
11.691936557813980 -0.034040639106802 0.021266941150081
11.742771064587085 -0.032943326859040 0.019548804200450
11.793605571360189 -0.031800308403114 0.017934837972308
11.844440078133294 -0.030638633718176 0.016261570690974
11.895274584906396 -0.029477880441469 0.014715510805919
11.946109091679501 -0.028322458615853 0.013126087079499
11.996943598452605 -0.027096742275502 0.011624332727989
12.047778105225710 -0.025944640770937 0.010116839734795
12.098612611998815 -0.024724105698335 0.008689888037028
12.149447118771919 -0.023519032693887 0.007240087204646
12.200281625545022 -0.022295681634738 0.005884824946186
12.251116132318126 -0.021095182665364 0.004512062084067
12.301950639091231 -0.019827700769516 0.003216310080858
12.352785145864335 -0.018640923103170 0.001920539357928
12.403619652637440 -0.017349360783628 0.000690669989229
12.454454159410545 -0.016151045819189 -0.000533415937060
12.505288666183647 -0.014862793886803 -0.001695645493506
12.556123172956752 -0.013648068349184 -0.002848900912161
12.606957679729856 -0.012348897681869 -0.003943168108259
12.657792186502961 -0.011135061801175 -0.005027344261322
12.708626693276067 -0.009823658707451 -0.006053135029399
12.759461200049170 -0.008609566212746 -0.007070478217790
12.810295706822274 -0.007289656759006 -0.008028428072401
12.861130213595377 -0.006072228263896 -0.008977919107855
12.911964720368482 -0.004748115042755 -0.009870315994939
12.962799227141586 -0.003528515680569 -0.010755425645962
13.013633733914691 -0.002199625968821 -0.011578990310383
13.064468240687797 -0.000978779936026 -0.012400776006900
13.115302747460900 0.000352196340170 -0.013161786121801
13.166137254234004 0.001575049054806 -0.013920412971619
13.216971761007107 0.002907486242729 -0.014618002380080
13.267806267780212 0.004132025611624 -0.015316787883860
13.318640774553316 0.005464267884726 -0.015949993816464
13.369475281326421 0.006687846293513 -0.016585840272573
13.420309788099525 0.008022552522218 -0.017166521063947
13.471144294872628 0.009253808893497 -0.017756311590841
13.521978801645734 0.010576651194365 -0.018256073810721
13.572813308418837 0.011804654551729 -0.018786309854327
13.623647815191942 0.013142566988360 -0.019256577722584
13.674482321965046 0.014359563942040 -0.019714850584080
13.725316828738151 0.015701833949684 -0.020137572182570
13.776151335511255 0.016902951620944 -0.020526346185190
13.826985842284360 0.018273409145373 -0.020930283825569
13.877820349057462 0.019454751530604 -0.021247794826385
13.928654855830567 0.020808666086229 -0.021583647755173
13.979489362603672 0.022012114977870 -0.021880821717005
14.030323869376776 0.023364593345903 -0.022165781050551
14.081158376149881 0.024567523175381 -0.022417503793972
14.131992882922983 0.025889105959177 -0.022629793582924
14.182827389696088 0.027131451687760 -0.022873664236767
14.233661896469194 0.028412471949385 -0.023010022389731
14.284496403242299 0.029671318667473 -0.023226018993639
14.335330910015402 0.030962929447642 -0.023331728472866
14.386165416788504 0.032178994090842 -0.023475671564350
14.436999923561610 0.033527236519705 -0.023585403934854
14.487834430334715 0.034671381357978 -0.023642255928009
14.538668937107820 0.036065426018911 -0.023747268008725
14.589503443880922 0.037220046117932 -0.023776903935646
14.640337950654027 0.038526014387734 -0.023791048248698
14.691172457427131 0.039744575491325 -0.023830810138885
14.742006964200236 0.041073603129938 -0.023825424052205
14.792841470973341 0.042226978709648 -0.023796316630116
14.843675977746443 0.043538294996216 -0.023752816109674
14.894510484519548 0.044727213813838 -0.023716493192206
14.945344991292654 0.046025373422390 -0.023638278464558
14.996179498065757 0.047237987925266 -0.023587045119002
15.047014004838863 0.048489184042242 -0.023459747674526
15.097848511611964 0.049672293486132 -0.023370563414511
15.148683018385070 0.050950833355618 -0.023234294820572
15.199517525158175 0.052118931795049 -0.023115821187060
15.250352031931278 0.053389995523581 -0.022955170004741
15.301186538704384 0.054547190117162 -0.022811780896428
15.352021045477485 0.055808061869934 -0.022627681748865
15.402855552250591 0.056953828172113 -0.022461386750819
15.453690059023696 0.058202978432571 -0.022255350204969
15.504524565796801 0.059336041891418 -0.022067789882440
15.555359072569903 0.060572121484273 -0.021841393365717
15.606193579343007 0.061691033862549 -0.021634115169515
15.657028086116112 0.062913114129708 -0.021389045275563
15.707862592889217 0.064013991780305 -0.021162774716181
15.758697099662323 0.065238459456155 -0.020906153228041
15.809531606435424 0.066330740090774 -0.020665218677287
15.860366113208530 0.067496317589176 -0.020379512377724
15.911200619981633 0.068568659059062 -0.020123335100303
15.962035126754738 0.069733630436114 -0.019829004570752
16.012869633527842 0.070784143968705 -0.019558285966302
16.063704140300946 0.071922689063957 -0.019249312097055
16.114538647074049 0.072988270391389 -0.018975343170683
16.165373153847156 0.074106977267059 -0.018654266074917
16.216207660620260 0.075076315524350 -0.018350255669278
16.267042167393363 0.076177172826851 -0.018020911193992
16.317876674166467 0.077148944170711 -0.017713855893412
16.368711180939570 0.078238098935525 -0.017377977521562
16.419545687712677 0.079228340547569 -0.017070934643546
16.470380194485781 0.080194062286212 -0.016705610484151
16.521214701258884 0.081127981888548 -0.016385423049411
16.572049208031988 0.082110820713582 -0.016023556370452
16.622883714805095 0.083087335344750 -0.015709656611386
16.673718221578198 0.083992419953556 -0.015331970722892
16.724552728351302 0.084826403668182 -0.014991845439666
16.775387235124406 0.085750533876867 -0.014619657546628
16.826221741897509 0.086611767100122 -0.014284813347230
16.877056248670616 0.087511663972219 -0.013909019403645
16.927890755443720 0.088214890344100 -0.013550414417511
16.978725262216823 0.089072308054233 -0.013171245503185
17.029559768989927 0.089825058062563 -0.012822988124614
17.080394275763030 0.090673517582754 -0.012444157729728
17.131228782536137 0.091258080153145 -0.012075602196964
17.182063289309241 0.092030873875956 -0.011690917340969
17.232897796082344 0.092673814541901 -0.011334421801761
17.283732302855448 0.093442797382611 -0.010951975237018
17.334566809628551 0.093908146882001 -0.010578608873712
17.385401316401659 0.094582899291233 -0.010190549893214
17.436235823174762 0.095100584882196 -0.009828649845272
17.487070329947866 0.095783644158836 -0.009445019029095
17.537904836720969 0.096115156859030 -0.009069568600532
17.588739343494073 0.096683207730861 -0.008680625928886
17.639573850267180 0.097047537230407 -0.008314956594171
17.690408357040283 0.097656832922208 -0.007933714711594
17.741242863813387 0.097831750611457 -0.007557978089459
17.792077370586490 0.098275836890702 -0.007169748111041
17.842911877359597 0.098498114770042 -0.006804992354871
17.893746384132701 0.098953222212950 -0.006422343560631
17.944580890905804 0.099048997408430 -0.006054891299781
17.995415397678908 0.099301523855174 -0.005665702305069
18.046249904452011 0.099412203465509 -0.005306353163415
18.097084411225119 0.099607966845840 -0.004920168424189
18.147918917998222 0.099725361358299 -0.004566481997112
18.198753424771326 0.099722276851733 -0.004176824348705
18.249587931544429 0.099697786718463 -0.003823521106426
18.300422438317533 0.099713463175702 -0.003441492403990
18.351256945090640 0.099607887225428 -0.003090962979574
18.402091451863743 0.099601044142257 -0.002713461298888
18.452925958636847 0.099299708876454 -0.002362973426037
18.503760465409950 0.099163718817673 -0.001988422794148
18.554594972183054 0.098861515068595 -0.001644120462008
18.605429478956161 0.098605178719475 -0.001272888499986
18.656263985729264 0.098302929597466 -0.000933327155514
18.707098492502368 0.097889391718069 -0.000565241975322
18.757932999275472 0.097399819536409 -0.000229429280697
18.808767506048579 0.096965389946915 0.000133142430156
18.859602012821682 0.096383101448214 0.000464407228986
18.910436519594786 0.095844409119496 0.000822123900499
18.961271026367889 0.095208295552749 0.001149215699883
19.012105533140993 0.094556814742174 0.001502166394597
19.062940039914100 0.093744433214329 0.001823113145499
19.113774546687203 0.092983308016873 0.002169967402526
19.164609053460307 0.092145195060063 0.002487186636907
19.215443560233410 0.091293925328286 0.002829390797069
19.266278067006514 0.090219768637421 0.003136859489411
19.317112573779621 0.089419243532053 0.003478957581400
19.367947080552725 0.088154426458895 0.003777366882148
19.418781587325828 0.087209794794900 0.004112584420233
19.469616094098932 0.085955946985067 0.004410158627057
19.520450600872035 0.084740822451446 0.004731675332433
19.571285107645142 0.083492331794319 0.005029192543490
19.622119614418246 0.082134472274824 0.005342716414818
19.672954121191349 0.080720385229010 0.005630740375826
19.723788627964453 0.079309951541670 0.005941440775105
19.774623134737556 0.077756682608935 0.006221506411215
19.825457641510663 0.076243140463971 0.006526487389625
19.876292148283767 0.074565231718465 0.006799285004468
19.927126655056870 0.072949232375411 0.007098902916809
19.977961161829974 0.071167659380090 0.007366666250464
20.028795668603081 0.069392313637061 0.007655267492627
20.079630175376185 0.067485081944004 0.007914937089879
20.130464682149285 0.065619885183245 0.008199387415619
20.181299188922392 0.063589597155016 0.008451525709279
20.232133695695495 0.061607541272224 0.008729070286875
20.282968202468602 0.059458113166460 0.008973985340173
20.333802709241706 0.057357086044490 0.009244270597654
20.384637216014809 0.055097659028952 0.009483424242492
20.435471722787913 0.052894676689815 0.009750031574961
20.486306229561016 0.050478899096659 0.009975182420517
20.537140736334123 0.048147837417666 0.010232005536079
20.587975243107227 0.045641269671355 0.010454441228863
20.638809749880330 0.043188950310275 0.010703179325081
20.689644256653434 0.040564581492263 0.010917645629687
20.740478763426538 0.038012265192240 0.011163970001318
20.791313270199645 0.035273008777663 0.011372629719474
20.842147776972748 0.032568362868854 0.011600003408841
20.892982283745852 0.029721694948055 0.011801886541448
20.943816790518955 0.026916548276298 0.012024724948813
20.994651297292059 0.023976062744493 0.012229702662445
21.045485804065166 0.021047140905439 0.012441583376946
21.096320310838266 0.017966930160662 0.012622997199420
21.147154817611373 0.014942482723260 0.012829355419160
21.197989324384476 0.011781067995122 0.013031745599515
21.248823831157583 0.008623520025767 0.013209650123756
21.299658337930687 0.005344873970118 0.013381429408752
21.350492844703787 0.002106085847115 0.013601878887441
21.401327351476894 -0.001284699909580 0.013725218282320
21.452161858249998 -0.004635546621668 0.013957563952690
21.502996365023105 -0.008109726463099 0.014066610642606
21.553830871796208 -0.011578898557775 0.014293315904697
21.604665378569312 -0.015136784639502 0.014398154834285
21.655499885342415 -0.018698550281858 0.014600950572301
21.706334392115519 -0.022378708915275 0.014729850007706
21.757168898888626 -0.025995586403749 0.014892078517028
21.808003405661729 -0.029775868166408 0.015025630970224
21.858837912434833 -0.033495562803847 0.015186549181123
21.909672419207936 -0.037357576683234 0.015309829782912
21.960506925981040 -0.041158905689398 0.015461123978827
22.011341432754147 -0.045076798604271 0.015569168906150
22.062175939527247 -0.048996526921185 0.015726000141882
22.113010446300354 -0.052966473843776 0.015819627028792
22.163844953073458 -0.056982254547954 0.015973481663307
22.214679459846561 -0.061005052086403 0.016055904998173
22.265513966619668 -0.065079795153380 0.016198376877789
22.316348473392768 -0.069204642355646 0.016283747456153
22.367182980165875 -0.073273712141776 0.016401889560893
22.418017486938979 -0.077564897737270 0.016503793578398
22.468851993712086 -0.081612048591451 0.016597072184032
22.519686500485189 -0.085933296780777 0.016686799449290
22.570521007258289 -0.090138676961522 0.016794192389473
22.621355514031396 -0.094435787577300 0.016861759174743
22.672190020804500 -0.098675202499710 0.016960233742764
22.723024527577607 -0.103081824687361 0.017031844740151
22.773859034350711 -0.107206597638411 0.017098502582799
22.824693541123814 -0.111825971586626 0.017190848958381
22.875528047896918 -0.115993090155437 0.017251565153964
22.926362554670021 -0.120453042754905 0.017307484515117
22.977197061443128 -0.124769629140224 0.017380458036954
23.028031568216228 -0.129133788397561 0.017413285393688
23.078866074989335 -0.133667829227885 0.017505646758835
23.129700581762439 -0.137914827920323 0.017514326852416
23.180535088535542 -0.142625765838186 0.017618526719297
23.231369595308649 -0.146627659210238 0.017590368787245
23.282204102081749 -0.151335940115526 0.017685931360115
23.333038608854856 -0.155514210363560 0.017674018173116
23.383873115627960 -0.160195319480312 0.017757247559318
23.434707622401064 -0.164423962973556 0.017745557689085
23.485542129174171 -0.168869160897640 0.017796006760907
23.536376635947271 -0.173110585504821 0.017782391600608
23.587211142720378 -0.177744583732522 0.017846056872670
23.638045649493481 -0.181830073599501 0.017812662393082
23.688880156266588 -0.186513801856449 0.017875023900721
23.739714663039688 -0.190353413904330 0.017815706185709
23.790549169812792 -0.195227334348195 0.017890495527889
23.841383676585899 -0.198826878748346 0.017807584087724
23.892218183359002 -0.203658450117973 0.017873916512570
23.943052690132109 -0.207835220662329 0.017839013828339
23.993887196905209 -0.211426689877076 0.017794969992018
24.044721703678317 -0.216433449115294 0.017828576425522
24.095556210451420 -0.219959863845379 0.017776466880698
24.146390717224524 -0.224198778317229 0.017744663038291
24.197225223997631 -0.228211707628015 0.017731122033293
24.248059730770731 -0.232567946471337 0.017704866907560
24.298894237543838 -0.236148674900122 0.017656033858864
24.349728744316941 -0.240216431629740 0.017606610688763
24.400563251090045 -0.244021576725529 0.017573579415161
24.451397757863152 -0.247913147660504 0.017509478179709
24.502232264636252 -0.251629687649151 0.017468673643249
24.553066771409359 -0.255386090170797 0.017393691303126
24.603901278182462 -0.259001514467742 0.017344543843635
24.654735784955566 -0.262602086449062 0.017257862942614
24.705570291728669 -0.266400211210504 0.017218708979147
24.756404798501773 -0.269600979530269 0.017104432385180
24.807239305274880 -0.272997766065537 0.017038385991468
24.858073812047984 -0.276334621561101 0.016932063826331
24.908908318821091 -0.279629374490229 0.016857955468727
24.959742825594191 -0.283166594767141 0.016761298782052
25.010577332367294 -0.285809439016843 0.016646228567180
25.061411839140401 -0.288807723989084 0.016517074746105
25.112246345913505 -0.292448994735230 0.016457113280870
25.163080852686612 -0.294693136574915 0.016282278598099
25.213915359459712 -0.297413883287306 0.016169222491995
25.264749866232819 -0.300944564793193 0.016062111074606
25.315584373005922 -0.302517537625792 0.015884152120821
25.366418879779026 -0.305883951459700 0.015764873088822
25.417253386552133 -0.307874813273376 0.015605862708373
25.468087893325233 -0.310255084430198 0.015431962369387
25.518922400098340 -0.312847991078760 0.015299129603566
25.569756906871444 -0.314383335927145 0.015079481665475
25.620591413644547 -0.317241527348180 0.014953878311367
25.671425920417651 -0.318299063386477 0.014707333620120
25.722260427190754 -0.321018484476165 0.014568455545861
25.773094933963861 -0.322030001706363 0.014314785812443
25.823929440736965 -0.323942734551087 0.014132596570747
25.874763947510072 -0.325662998991705 0.013903635556569
25.925598454283172 -0.327000535186358 0.013687706170029
25.976432961056275 -0.328012768583966 0.013421305409293
26.027267467829382 -0.329315327627133 0.013195802198255
26.078101974602486 -0.330528366577431 0.012928302702993
26.128936481375593 -0.331401713218178 0.012675061341954
26.179770988148693 -0.332022124942550 0.012374615000107
26.230605494921800 -0.333111008523877 0.012117937995031
26.281440001694904 -0.333349932169662 0.011791628189599
26.332274508468007 -0.334095123340824 0.011509157882022
26.383109015241114 -0.334077252028805 0.011161250489440
26.433943522014214 -0.334758271285238 0.010861300962327
26.484778028787321 -0.334346036889692 0.010485796695444
26.535612535560425 -0.334472828166338 0.010151945320704
26.586447042333528 -0.334461774254746 0.009772158939589
26.637281549106632 -0.333806100057250 0.009396567159889
26.688116055879735 -0.333509435656160 0.008990371725010
26.738950562652843 -0.333262711409758 0.008605214452231
26.789785069425946 -0.331927173712036 0.008150839823177
26.840619576199050 -0.331574181014650 0.007740788792272
26.891454082972153 -0.330166288003869 0.007262775911209
26.942288589745257 -0.329390710980651 0.006817741237058
26.993123096518364 -0.328073764014710 0.006316286505092
27.043957603291467 -0.326344293986864 0.005825367917528
27.094792110064574 -0.325051711599955 0.005297668233726
27.145626616837674 -0.323588454935041 0.004780799706346
27.196461123610778 -0.321332941687489 0.004207188507253
27.247295630383885 -0.319327234067020 0.003652555306770
27.298130137156988 -0.317940098526008 0.003055401017325
27.348964643930092 -0.314930020253474 0.002454181264142
27.399799150703195 -0.312604702870157 0.001814430713739
27.450633657476303 -0.310661364587283 0.001182874007870
27.501468164249406 -0.307485244898286 0.000497900890818
27.552302671022510 -0.304535659251231 -0.000175870031036
27.603137177795617 -0.302191910075359 -0.000902064178150
27.653971684568720 -0.298662079541125 -0.001621115842630
27.704806191341824 -0.295266007373969 -0.002387008251024
27.755640698114924 -0.292497391305490 -0.003158668155864
27.806475204888031 -0.288540226254386 -0.003970114065982
27.857309711661134 -0.284672497565392 -0.004777567160734
27.908144218434238 -0.281750285817313 -0.005658308001989
27.958978725207345 -0.276893212895279 -0.006503522935660
28.009813231980448 -0.273310679114578 -0.007425716428319
28.060647738753552 -0.269190141898227 -0.008347841610784
28.111482245526659 -0.264292261117614 -0.009290915660180
28.162316752299763 -0.260825390003138 -0.010301544527675
28.213151259072863 -0.255083104611051 -0.011272464356032
28.263985765845966 -0.251453490437280 -0.012350385243827
28.314820272619073 -0.245610747848227 -0.013375698155451
28.365654779392177 -0.241553420213051 -0.014513100286440
28.416489286165280 -0.235539004929086 -0.015590169526301
28.467323792938387 -0.231284226583858 -0.016802654048042
28.518158299711491 -0.224916090342295 -0.017920408223381
28.568992806484598 -0.220429001889045 -0.019206868398677
28.619827313257701 -0.214088907926060 -0.020399025764889
28.670661820030805 -0.208773776580291 -0.021702963384632
28.721496326803905 -0.202887826836766 -0.023018264129911
28.772330833577008 -0.197000272335132 -0.024359985939372
28.823165340350116 -0.190697742337224 -0.025706595807058
28.873999847123219 -0.185039379402429 -0.027179623687729
28.924834353896326 -0.178205577562232 -0.028538712875573
28.975668860669430 -0.172460959845374 -0.030109322480611
29.026503367442533 -0.165493930519272 -0.031535005459089
29.077337874215640 -0.159226533160866 -0.033121959752420
29.128172380988744 -0.152618280096893 -0.034718167834977
29.179006887761844 -0.145747464393261 -0.036293859829786
29.229841394534947 -0.139020282079166 -0.037964277048342
29.280675901308054 -0.132175218661890 -0.039667451122030
29.331510408081158 -0.124991987025819 -0.041315507114824
29.382344914854261 -0.118188191951607 -0.043156908647209
29.433179421627369 -0.110865283771508 -0.044869709656515
29.484013928400472 -0.103752124637029 -0.046726130497396
29.534848435173579 -0.096515553597399 -0.048594248504820
29.585682941946683 -0.089106978231238 -0.050450825767794
29.636517448719786 -0.081788397802727 -0.052400473301133
29.687351955492886 -0.074270334204110 -0.054322410770600
29.738186462265990 -0.066883589945178 -0.056370343902801
29.789020969039097 -0.059284112764998 -0.058392004147222
29.839855475812200 -0.051674223219836 -0.060367695744993
29.890689982585307 -0.044085151468398 -0.062549807720842
29.941524489358411 -0.036420633431290 -0.064595529220590
29.992358996131514 -0.028722046205235 -0.066814810808095
30.043193502904622 -0.021023287303174 -0.068911192003535
30.094028009677725 -0.013263848364586 -0.071222332696634
30.144862516450825 -0.005540574829939 -0.073349166044332
30.195697023223929 0.002268741046553 -0.075705709113227
30.246531529997036 0.009992021472129 -0.077918228301956
30.297366036770139 0.017823267936399 -0.080276571313061
30.348200543543243 0.025550853533192 -0.082606083364998
30.399035050316350 0.033374333432561 -0.084962453680514
30.449869557089453 0.041076578074025 -0.087332508203936
30.500704063862557 0.048882825427113 -0.089743686165830
