0.000000000000000 0.120616778296953 -0.020105321853548
0.034685318509486 0.123523590121044 -0.023075235256000
0.069370637018972 0.127774157244769 -0.025586321354812
0.104055955528457 0.131503830546058 -0.028401855675912
0.138741274037943 0.135443028666396 -0.031179638013397
0.173426592547429 0.139186877570693 -0.034123350050322
0.208111911056915 0.142978491298846 -0.037098661849803
0.242797229566400 0.146662702307713 -0.040202548727224
0.277482548075886 0.150328643953919 -0.043362174188100
0.312167866585372 0.153913453554946 -0.046632019217961
0.346853185094858 0.157467094380389 -0.049975017851466
0.381538503604343 0.160932313105745 -0.053412685339305
0.416223822113829 0.164349136151136 -0.056929882171149
0.450909140623315 0.167692211831856 -0.060538182170229
0.485594459132801 0.170970777364437 -0.064228196700746
0.520279777642287 0.174170409058103 -0.068001430409650
0.554965096151772 0.177286255248206 -0.071853044160246
0.589650414661258 0.180342940651372 -0.075790740003511
0.624335733170744 0.183287446084440 -0.079797245617668
0.659021051680230 0.186171248868250 -0.083884278200365
0.693706370189715 0.188940559835895 -0.088038726279104
0.728391688699201 0.191648099068300 -0.092268652032356
0.763077007208687 0.194219406626168 -0.096553659795370
0.797762325718173 0.196724884895563 -0.100906091551233
0.832447644227658 0.199107191557873 -0.105316644891634
0.867132962737144 0.201390712403937 -0.109770769873383
0.901818281246630 0.203567222113194 -0.114286520505419
0.936503599756116 0.205624605865613 -0.118826205174200
0.971188918265601 0.207563335819697 -0.123413992154383
1.005874236775087 0.209396796288629 -0.128023518675152
1.040559555284573 0.211100431672468 -0.132666673631803
1.075244873794059 0.212678115560701 -0.137306959768352
1.109930192303545 0.214126852192337 -0.141970492543158
1.144615510813030 0.215472855404172 -0.146633746860689
1.179300829322516 0.216630069851685 -0.151267281213806
1.213986147832002 0.217732060786897 -0.155918568356232
1.248671466341488 0.218614694511882 -0.160503326146072
1.283356784850973 0.219439302359157 -0.165088463573490
1.318042103360459 0.220047520578189 -0.169590706280900
1.352727421869945 0.220597662549448 -0.174076887787406
1.387412740379431 0.220929517987361 -0.178458846843205
1.422098058888917 0.221181345903215 -0.182788339799458
1.456783377398402 0.221243028808379 -0.187014691754097
1.491468695907888 0.221196106697289 -0.191144059334665
1.526154014417374 0.220973694127737 -0.195159495880025
1.560839332926860 0.220646661680153 -0.199058974200020
1.595524651436345 0.220127796406619 -0.202805599424224
1.630209969945831 0.219546554931684 -0.206451856938871
1.664895288455317 0.218707878184488 -0.209857811758611
1.699580606964803 0.217865097191287 -0.213194424755116
1.734265925474289 0.216754997653813 -0.216253592320542
1.768951243983774 0.215632304331011 -0.219212066072180
1.803636562493260 0.214255530018137 -0.221876967716458
1.838321881002746 0.212831940435075 -0.224380818669347
1.873007199512232 0.211272412277126 -0.226687691057443
1.907692518021718 0.209545592158801 -0.228681366592995
1.942377836531203 0.207723282566942 -0.230493600180515
1.977063155040689 0.205806851311822 -0.232047468604707
2.011748473550174 0.203705384659563 -0.233295770219626
2.046433792059660 0.201599902489256 -0.234363201449606
2.081119110569146 0.199287048502841 -0.235075977452462
2.115804429078632 0.196922923525495 -0.235529427605845
2.150489747588118 0.194458713835825 -0.235732055550487
2.185175066097603 0.191892451919054 -0.235594889622962
2.219860384607089 0.189233781621972 -0.235195955946335
2.254545703116575 0.186526676068958 -0.234504658917103
2.289231021626061 0.183685304604194 -0.233482647209418
2.323916340135547 0.180834579944186 -0.232201476776717
2.358601658645032 0.177858291407868 -0.230586184727236
2.393286977154518 0.174884526409593 -0.228715274004847
2.427972295664004 0.171765842141004 -0.226472825602025
2.462657614173490 0.168695047666220 -0.224025267404115
2.497342932682976 0.165522707680861 -0.221256203616818
2.532028251192461 0.162299564624263 -0.218144830010432
2.566713569701947 0.159068926841295 -0.214832662870268
2.601398888211433 0.155794951003939 -0.211185983106079
2.636084206720918 0.152485655194847 -0.207300526823662
2.670769525230404 0.149197821245845 -0.203169184057187
2.705454843739890 0.145830653681581 -0.198742001966154
2.740140162249376 0.142496823357282 -0.194089204295349
2.774825480758862 0.139130641809595 -0.189210532698769
2.809510799268347 0.135797295359381 -0.184112839043260
2.844196117777833 0.132412214838719 -0.178771831890019
2.878881436287319 0.129075068532452 -0.173242822735349
2.913566754796805 0.125720025885588 -0.167527772371489
2.948252073306291 0.122390504345234 -0.161607798034085
2.982937391815776 0.119096617520403 -0.155585928684121
3.017622710325262 0.115773789496646 -0.149303248575879
3.052308028834748 0.112501970596856 -0.142955290128137
3.086993347344233 0.109270189243757 -0.136452763382661
3.121678665853719 0.106033900524315 -0.129830278321098
3.156363984363205 0.102853245337061 -0.123092718618151
3.191049302872691 0.099674447786219 -0.116263214412115
3.225734621382177 0.096594634425698 -0.109387559784820
3.260419939891662 0.093466016534320 -0.102381548516750
3.295105258401148 0.090440194227812 -0.095356143810192
3.329790576910634 0.087444627236729 -0.088305575215351
3.364475895420120 0.084475750404263 -0.081174113259607
3.399161213929606 0.081549979996915 -0.074053979347481
3.433846532439091 0.078692576774513 -0.066915135049516
3.468531850948577 0.075853561047766 -0.059782500461175
3.503217169458063 0.073092105611559 -0.052660350288154
3.537902487967549 0.070358086612112 -0.045569143439637
3.572587806477034 0.067683468901949 -0.038496470953098
3.607273124986520 0.065041686015398 -0.031479531052406
3.641958443496006 0.062479015782187 -0.024511801127593
3.676643762005492 0.059942906520956 -0.017611358789110
3.711329080514977 0.057488476381445 -0.010776004301273
3.746014399024464 0.055034216445743 -0.004023111952499
3.780699717533949 0.052702950295639 0.002644683184357
3.815385036043435 0.050346740092365 0.009212469537772
3.850070354552921 0.048116718175611 0.015686861871499
3.884755673062406 0.045875352424891 0.022042956384447
3.919440991571892 0.043736400097989 0.028291766566150
3.954126310081378 0.041605850412522 0.034410425192476
3.988811628590864 0.039571784834630 0.040415076997880
4.023496947100349 0.037545381783050 0.046274571953788
4.058182265609836 0.035612120880590 0.052011691999845
4.092867584119321 0.033687470750199 0.057590508384696
4.127552902628807 0.031853357259168 0.063038286989848
4.162238221138293 0.030035945735238 0.068334963416597
4.196923539647779 0.028292133738302 0.073460455204924
4.231608858157264 0.026574441321278 0.078446501301521
4.266294176666750 0.024933448739416 0.083268175459906
4.300979495176236 0.023309423856235 0.087923885707117
4.335664813685722 0.021763129434686 0.092412724397465
4.370350132195207 0.020232981819780 0.096729316340214
4.405035450704694 0.018781838989956 0.100886414499354
4.439720769214179 0.017341370853657 0.104842228070032
4.474406087723664 0.015979063493467 0.108629018198185
4.509091406233151 0.014632668147190 0.112248153922836
4.543776724742636 0.013357998232646 0.115659012912057
4.578462043252122 0.012097851724787 0.118886853766481
4.613147361761608 0.010911600596229 0.121920518859624
4.647832680271094 0.009737718183404 0.124749322349426
4.682517998780579 0.008637954278320 0.127383139894267
4.717203317290065 0.007549321223518 0.129782849896732
4.751888635799551 0.006536332182073 0.132004996913940
4.786573954309037 0.005533227122227 0.133939573956979
4.821259272818522 0.004607472247757 0.135710222415262
4.855944591328009 0.003693127370579 0.137163887383935
4.890629909837494 0.002856992913181 0.138415322831381
4.925315228346980 0.002036529935319 0.139356306145321
4.960000546856466 0.001296963135465 0.140045619343871
4.994685865365952 0.000578596860107 0.140422031594603
5.029371183875437 -0.000052927867204 0.140469047990517
5.064056502384923 -0.000654846407054 0.140215486830180
5.098741820894409 -0.001159940530054 0.139588761397572
5.133427139403894 -0.001623419248350 0.138633950267767
5.168112457913380 -0.001975279171179 0.137275714083999
5.202797776422866 -0.002269040282429 0.135587679980655
5.237483094932352 -0.002432364464142 0.133498185857677
5.272168413441837 -0.002517311119933 0.131079825609909
5.306853731951324 -0.002451823901157 0.128326201557320
5.341539050460809 -0.002288052412585 0.125274304770233
5.376224368970295 -0.001957492726454 0.121988415215245
5.410909687479781 -0.001516292875882 0.118501841078640
5.445595005989267 -0.000901706043345 0.114890920118966
5.480280324498752 -0.000176774869607 0.111200287591607
5.514965643008238 0.000714531642939 0.107503756943137
5.549650961517724 0.001702998270903 0.103839063558394
5.584336280027209 0.002839619285800 0.100251339323511
5.619021598536695 0.004051846616242 0.096773886355538
5.653706917046181 0.005388704563808 0.093425198756151
5.688392235555667 0.006777409038154 0.090222603700074
5.723077554065152 0.008268047395927 0.087173242195994
5.757762872574639 0.009789242571325 0.084275382395294
5.792448191084124 0.011393023093090 0.081527898117944
5.827133509593610 0.013011252094117 0.078927523966274
5.861818828103096 0.014697483692882 0.076462373414245
5.896504146612582 0.016386363305596 0.074128596787487
5.931189465122067 0.018133676200992 0.071914509342983
5.965874783631553 0.019874862836147 0.069810316623480
6.000560102141039 0.021668441371473 0.067810607926380
6.035245420650525 0.023451049101118 0.065904438533626
6.069930739160010 0.025281900004495 0.064086174423700
6.104616057669496 0.027098389678920 0.062345867210747
6.139301376178982 0.028960356884822 0.060679359460313
6.173986694688467 0.030806598220179 0.059079619582084
6.208672013197954 0.032697663933004 0.057543627557991
6.243357331707439 0.034568843016034 0.056059096959066
6.278042650216925 0.036487205874993 0.054634752906656
6.312727968726410 0.038382427800796 0.053250290923219
6.347413287235897 0.040325054306636 0.051919650608052
6.382098605745382 0.042247253244600 0.050626936432779
6.416783924254868 0.044206015200104 0.049369733437127
6.451469242764354 0.046148599329731 0.048152750223400
6.486154561273840 0.048139446588885 0.046978883980083
6.520839879783325 0.050093524950702 0.045820731406266
6.555525198292812 0.052094120191165 0.044703364124427
6.590210516802297 0.054084649726157 0.043622697597170
6.624895835311783 0.056083962564258 0.042549340496100
6.659581153821268 0.058101482460172 0.041532741760603
6.694266472330754 0.060107921425613 0.040509275569473
6.728951790840240 0.062125004633377 0.039535364571533
6.763637109349725 0.064163418079782 0.038576855157898
6.798322427859212 0.066164683138850 0.037636130899274
6.833007746368697 0.068226920456779 0.036734670195498
6.867693064878182 0.070221106821838 0.035833758137651
6.902378383387670 0.072286353971785 0.034976586175300
6.937063701897155 0.074278723856425 0.034119290425049
6.971749020406640 0.076339996696731 0.033303140970341
7.006434338916126 0.078324142216048 0.032487002826710
7.041119657425613 0.080373718027617 0.031709428140993
7.075804975935098 0.082354050470211 0.030936615220513
7.110490294444583 0.084379885652592 0.030193817922130
7.145175612954069 0.086359709048468 0.029465338105386
7.179860931463556 0.088347578743474 0.028753603475509
7.214546249973041 0.090302769940012 0.028061917269954
7.249231568482527 0.092284093252587 0.027392618330848
7.283916886992012 0.094202702613566 0.026734145367266
7.318602205501497 0.096146326778571 0.026098376384088
7.353287524010984 0.098041486975955 0.025477798832193
7.387972842520470 0.099928989409167 0.024871710155580
7.422658161029955 0.101820662186577 0.024293827024831
7.457343479539441 0.103633359567158 0.023713750734245
7.492028798048928 0.105489523006391 0.023170777944727
7.526714116558413 0.107271194130745 0.022627560068331
7.561399435067898 0.109042020393611 0.022108919073672
7.596084753577384 0.110808759032879 0.021605693036059
7.630770072086871 0.112513365734667 0.021115817316849
7.665455390596356 0.114204026512392 0.020640253757335
7.700140709105842 0.115870004986002 0.020184769454886
7.734826027615327 0.117495177782209 0.019738757064526
7.769511346124812 0.119058501872942 0.019306659605086
7.804196664634299 0.120675712208737 0.018899569177208
7.838881983143785 0.122152971174292 0.018493295862134
7.873567301653270 0.123635372493602 0.018105057750513
7.908252620162756 0.125132333981420 0.017740459626563
7.942937938672243 0.126495933401213 0.017373329619967
7.977623257181728 0.127892579185547 0.017032288469274
8.012308575691213 0.129206222665070 0.016696073741476
8.046993894200698 0.130512477255339 0.016379514825120
8.081679212710185 0.131743389144608 0.016069119932576
8.116364531219672 0.132951281255431 0.015775842433084
8.151049849729157 0.134116471272740 0.015492734897647
8.185735168238642 0.135225531866155 0.015222155550163
8.220420486748129 0.136259735076563 0.014958415590333
8.255105805257614 0.137377703343330 0.014721771791803
8.289791123767099 0.138228721769117 0.014471223797043
8.324476442276586 0.139259149502326 0.014257306477180
8.359161760786071 0.140092728998894 0.014036898647748
8.393847079295558 0.140916637951975 0.013832903728582
8.428532397805043 0.141703179563124 0.013638784890045
8.463217716314528 0.142477093240220 0.013459671227102
8.497903034824013 0.143093987151103 0.013278944208875
8.532588353333500 0.143752804182110 0.013118050015025
8.567273671842987 0.144362181606540 0.012965090000511
8.601958990352472 0.144807080472440 0.012812734412092
8.636644308861957 0.145408464456697 0.012686370005912
8.671329627371444 0.145705006251916 0.012547937658856
8.706014945880929 0.146209598184403 0.012439374966130
8.740700264390414 0.146417591119524 0.012319367638736
8.775385582899901 0.146730357064976 0.012219915723268
8.810070901409388 0.146967944933089 0.012127343043810
8.844756219918873 0.147082572167211 0.012035844652102
8.879441538428358 0.147271233500934 0.011963140286678
8.914126856937843 0.147236349606337 0.011883010067756
8.948812175447328 0.147326534464989 0.011825314235074
8.983497493956815 0.147218518832689 0.011761958089420
9.018182812466302 0.147159301078154 0.011714407059659
9.052868130975787 0.146994039190110 0.011668242794964
9.087553449485272 0.146784409612723 0.011630036477883
9.122238767994759 0.146533026255975 0.011597970552350
9.156924086504244 0.146244145561567 0.011573972210138
9.191609405013729 0.145852370187572 0.011550914898009
9.226294723523216 0.145456451774637 0.011538180241616
9.260980042032703 0.145010720645849 0.011530185229392
9.295665360542188 0.144461006168607 0.011524228831833
9.330350679051673 0.143914244056765 0.011526816957000
9.365035997561158 0.143296575543804 0.011533681897233
9.399721316070645 0.142633505771337 0.011544866616445
9.434406634580130 0.141917174177015 0.011561390342795
9.469091953089617 0.141169410368678 0.011582986278633
9.503777271599102 0.140307422186981 0.011604517240236
9.538462590108587 0.139503580879109 0.011638159836554
9.573147908618074 0.138539620957084 0.011667553876450
9.607833227127559 0.137601911047069 0.011706003804150
9.642518545637044 0.136597380061729 0.011747725660773
9.677203864146531 0.135515603913533 0.011789302453861
9.711889182656018 0.134456404902318 0.011841549819572
9.746574501165503 0.133273369136190 0.011889167062910
9.781259819674988 0.132102659561322 0.011946312348732
9.815945138184473 0.130837361183868 0.012000858587467
9.850630456693960 0.129573967512278 0.012063818720956
9.885315775203445 0.128237480589184 0.012125689875707
9.920001093712932 0.126857064968386 0.012191462306436
9.954686412222417 0.125456892137876 0.012260713168319
9.989371730731904 0.123985935209820 0.012331073445448
10.024057049241389 0.122493859425726 0.012404305961489
10.058742367750874 0.120959461886073 0.012481317738074
10.093427686260359 0.119347294665435 0.012554864498326
10.128113004769846 0.117749107759751 0.012637806081460
10.162798323279333 0.116056707715652 0.012714960809006
10.197483641788818 0.114404254705109 0.012804462430498
10.232168960298303 0.112610567020326 0.012882313423041
10.266854278807788 0.110852750466766 0.012971810706076
10.301539597317275 0.109017840244606 0.013056260469348
10.336224915826760 0.107198302168353 0.013150345718649
10.370910234336247 0.105262525527906 0.013233812996179
10.405595552845732 0.103365571448798 0.013329649788609
10.440280871355219 0.101427870178282 0.013424189607433
10.474966189864704 0.099364851271825 0.013509445573249
10.509651508374189 0.097386092982410 0.013609218133123
10.544336826883674 0.095278636899533 0.013698900781856
10.579022145393161 0.093232669551558 0.013800288346603
10.613707463902648 0.091059006447403 0.013890823530624
10.648392782412133 0.088968511178093 0.013996747392433
10.683078100921618 0.086674809766403 0.014078701365577
10.717763419431103 0.084552511577176 0.014190276792702
10.752448737940590 0.082232598439554 0.014277978696675
10.787134056450075 0.079982906849618 0.014378568523149
10.821819374959562 0.077671903965682 0.014477806630283
10.856504693469047 0.075349133764234 0.014575926675483
10.891190011978534 0.072967973689226 0.014672210887674
10.925875330488019 0.070587716477177 0.014769138727694
10.960560648997504 0.068170566982298 0.014868348835755
10.995245967506989 0.065746690175811 0.014966662734526
11.029931286016476 0.063254911889847 0.015059660062632
11.064616604525963 0.060796714251665 0.015160413728361
11.099301923035448 0.058273314185187 0.015256559689856
11.133987241544933 0.055751553343972 0.015352277514197
11.168672560054418 0.053170684262458 0.015443304011615
11.203357878563905 0.050624367395808 0.015542943473458
11.238043197073390 0.048013877827165 0.015636648020495
11.272728515582877 0.045414904221038 0.015731981667812
11.307413834092362 0.042758303538714 0.015821728591949
11.342099152601849 0.040118349484856 0.015914304799516
11.376784471111334 0.037421814840894 0.015999451894990
11.411469789620819 0.034786334587995 0.016109047969911
11.446155108130304 0.032013832266637 0.016172587868735
11.480840426639791 0.029352969560129 0.016285460093936
11.515525745149278 0.026573171409010 0.016358127077520
11.550211063658763 0.023842587356216 0.016447908163510
11.584896382168248 0.021061780744884 0.016533253974938
11.619581700677735 0.018300470390121 0.016620855153725
11.654267019187220 0.015491272784831 0.016703216631540
11.688952337696705 0.012701883780550 0.016787121023298
11.723637656206192 0.009868432778564 0.016866082322975
11.758322974715677 0.007055441282926 0.016945509258232
11.793008293225164 0.004202738451870 0.017018844641156
11.827693611734649 0.001371321733422 0.017114207180744
11.862378930244134 -0.001502699520623 0.017171062991903
11.897064248753619 -0.004351528677289 0.017254369186830
11.931749567263106 -0.007241640360553 0.017327272575852
11.966434885772593 -0.010106974013206 0.017400480908638
12.001120204282078 -0.013009140896883 0.017468796040381
12.035805522791563 -0.015889608651509 0.017541998832042
12.070490841301050 -0.018802583180746 0.017606951650165
12.105176159810535 -0.021693672839616 0.017676711266568
12.139861478320020 -0.024614341779253 0.017738460248885
12.174546796829505 -0.027514017981664 0.017805446234838
12.209232115338992 -0.030440622513363 0.017864571357322
12.243917433848479 -0.033350391422965 0.017930591636073
12.278602752357964 -0.036278285977470 0.017985361876680
12.313288070867449 -0.039186337412084 0.018045831980518
12.347973389376934 -0.042129230666747 0.018103893195626
12.382658707886421 -0.045031183578894 0.018157858150018
12.417344026395908 -0.047963389346872 0.018209136895370
12.452029344905393 -0.050874798401118 0.018264762962247
12.486714663414878 -0.053814312400115 0.018316196022536
12.521399981924365 -0.056698698938862 0.018361002257970
12.556085300433850 -0.059634551261285 0.018410322873935
12.590770618943335 -0.062541382203803 0.018461116959819
12.625455937452820 -0.065453152363433 0.018502061509785
12.660141255962309 -0.068326617794047 0.018543218277467
12.694826574471794 -0.071277274762472 0.018594369870410
12.729511892981279 -0.074108060275019 0.018624267467997
12.764197211490764 -0.077037122119252 0.018670003778226
12.798882530000249 -0.079880121608561 0.018703815565993
12.833567848509736 -0.082777531334950 0.018742230483968
12.868253167019221 -0.085623137653620 0.018777533389075
12.902938485528708 -0.088499562211382 0.018811786891084
12.937623804038193 -0.091319869444250 0.018842863264966
12.972309122547680 -0.094174048356311 0.018873510782442
13.006994441057165 -0.096960303697032 0.018899496147002
13.041679759566650 -0.099842725889825 0.018936946742232
13.076365078076135 -0.102584420252384 0.018955774741926
13.111050396585624 -0.105404529535738 0.018983393652221
13.145735715095109 -0.108160156088223 0.019007126656613
13.180421033604594 -0.110953281166357 0.019031624524648
13.215106352114079 -0.113695985132356 0.019055269772612
13.249791670623566 -0.116424763192004 0.019071146735687
13.284476989133051 -0.119159221617642 0.019095671327084
13.319162307642536 -0.121858516047596 0.019109533810812
13.353847626152023 -0.124547574045902 0.019129470449479
13.388532944661508 -0.127263056213319 0.019148349316947
13.423218263170995 -0.129818414971434 0.019151266558045
13.457903581680480 -0.132621789058706 0.019185866453556
13.492588900189965 -0.135118664529029 0.019183415603219
13.527274218699450 -0.137771880178633 0.019199409121112
13.561959537208937 -0.140363001465907 0.019213930865824
13.596644855718424 -0.142886894503759 0.019215616338729
13.631330174227909 -0.145518616323704 0.019238794655885
13.666015492737394 -0.147945862532831 0.019231726412148
13.700700811246879 -0.150527433330265 0.019251763407474
13.735386129756364 -0.153023043513566 0.019257577462773
13.770071448265853 -0.155468721991855 0.019263956765405
13.804756766775339 -0.157823655962932 0.019256624377033
13.839442085284825 -0.160397053541712 0.019283203999085
13.874127403794310 -0.162687254923075 0.019272233270721
13.908812722303795 -0.165074013671300 0.019280602472516
13.943498040813280 -0.167492158601241 0.019289654584782
13.978183359322765 -0.169713012116117 0.019283427925341
14.012868677832252 -0.172083031392363 0.019291700278498
14.047553996341737 -0.174293410593920 0.019289668833376
14.082239314851225 -0.176632862390178 0.019299045084373
14.116924633360711 -0.178771744585338 0.019294266077899
14.151609951870196 -0.180967587584688 0.019293914125562
14.186295270379681 -0.183213135628945 0.019305383394739
14.220980588889166 -0.185252356089013 0.019294352165052
14.255665907398653 -0.187434559028793 0.019304668006541
14.290351225908138 -0.189479329144355 0.019300018984110
14.325036544417623 -0.191502107143668 0.019299984922268
14.359721862927112 -0.193614201315102 0.019308042392451
14.394407181436597 -0.195512811251898 0.019301438326362
14.429092499946082 -0.197509739802979 0.019304677492374
14.463777818455567 -0.199477650107003 0.019311364972745
14.498463136965054 -0.201280897887146 0.019302302645048
14.533148455474539 -0.203257078188372 0.019315827001587
14.567833773984024 -0.205033224658580 0.019311707835669
14.602519092493509 -0.206809603382071 0.019312859833796
14.637204411002994 -0.208653784534281 0.019321707356624
14.671889729512483 -0.210309378706527 0.019319976316238
14.706575048021968 -0.212067156893338 0.019326988815955
14.741260366531455 -0.213726428113149 0.019333031288677
14.775945685040940 -0.215321459648463 0.019333620156276
14.810631003550425 -0.216970290624399 0.019346159880430
14.845316322059910 -0.218474769556674 0.019346149895548
14.880001640569395 -0.220066869747525 0.019361597317908
14.914686959078882 -0.221497997139012 0.019362729245459
14.949372277588369 -0.223010990267929 0.019380278905216
14.984057596097855 -0.224376610242917 0.019384042128855
15.018742914607341 -0.225764146754404 0.019398299407904
15.053428233116826 -0.227145668790157 0.019412992521753
15.088113551626311 -0.228387783775865 0.019423421839179
15.122798870135796 -0.229714074267238 0.019441784613644
15.157484188645283 -0.230913974826258 0.019457583290937
15.192169507154768 -0.232104915699148 0.019474074702384
15.226854825664253 -0.233271100269519 0.019495604943197
15.261540144173741 -0.234334886425917 0.019511757303871
15.296225462683227 -0.235488467613017 0.019542117593102
15.330910781192712 -0.236427424108528 0.019556659508877
15.365596099702197 -0.237477876683419 0.019588164159371
15.400281418211684 -0.238371937506549 0.019608735303746
15.434966736721169 -0.239399664288527 0.019649227545885
15.469652055230654 -0.240100319555085 0.019665051100998
15.504337373740139 -0.241086884926993 0.019710663609030
15.539022692249624 -0.241698635776009 0.019730455630235
15.573708010759113 -0.242652479626104 0.019784009395146
15.608393329268598 -0.243139730777055 0.019803808573386
15.643078647778085 -0.243992013425995 0.019861829683607
15.677763966287570 -0.244434580592472 0.019887239422143
15.712449284797055 -0.245127225990239 0.019943094608092
15.747134603306540 -0.245538582103640 0.019979409305488
15.781819921816025 -0.246190972129296 0.020041582009369
15.816505240325512 -0.246481031867306 0.020080256525111
15.851190558834999 -0.246948504359790 0.020138851383693
15.885875877344485 -0.247251738742421 0.020190573770720
15.920561195853971 -0.247629227306616 0.020252553093723
15.955246514363456 -0.247874079699072 0.020312896916082
15.989931832872941 -0.248040495218045 0.020371444273981
16.024617151382426 -0.248284349217550 0.020441176690955
16.059302469891911 -0.248341340105606 0.020503876175427
16.093987788401396 -0.248487025427540 0.020578291521061
16.128673106910881 -0.248519861830318 0.020652382213594
16.163358425420370 -0.248507114407782 0.020724941893310
16.198043743929858 -0.248390979356602 0.020798710158974
16.232729062439343 -0.248418803695386 0.020891724507879
16.267414380948829 -0.248155628363409 0.020962704221440
16.302099699458314 -0.248017751786236 0.021055620278521
16.336785017967799 -0.247773722378199 0.021142461650951
16.371470336477284 -0.247495777155010 0.021236360031613
16.406155654986769 -0.247171615861371 0.021330449063337
16.440840973496258 -0.246784500034694 0.021427187256809
16.475526292005743 -0.246350120876003 0.021525600373108
16.510211610515228 -0.245893798793425 0.021631587987518
16.544896929024713 -0.245367676481698 0.021735529384168
16.579582247534198 -0.244845430845529 0.021847828728108
16.614267566043683 -0.244172995092198 0.021955525329194
16.648952884553172 -0.243527409880559 0.022067802406280
16.683638203062657 -0.242876353031088 0.022191306218535
16.718323521572142 -0.242038184478733 0.022306156787752
16.753008840081630 -0.241300060034201 0.022431512107687
16.787694158591115 -0.240439260881644 0.022554363781122
16.822379477100601 -0.239547807767584 0.022688197497841
16.857064795610086 -0.238600123394943 0.022815296466587
16.891750114119571 -0.237612819639652 0.022950537403727
16.926435432629056 -0.236580452657010 0.023084508169089
16.961120751138541 -0.235459060543377 0.023222640669223
16.995806069648026 -0.234381933204709 0.023370673659078
17.030491388157515 -0.233194168842964 0.023510730801895
17.065176706667000 -0.231923487531916 0.023655383534819
17.099862025176488 -0.230689389726047 0.023809181151474
17.134547343685973 -0.229399351912947 0.023957138523984
17.169232662195459 -0.227948087730895 0.024113409857572
17.203917980704944 -0.226576602861067 0.024263900014049
17.238603299214429 -0.225150706531825 0.024434248183377
17.273288617723914 -0.223549451462877 0.024577343338578
17.307973936233399 -0.222142508789730 0.024760479591082
17.342659254742887 -0.220414305134767 0.024909238702386
17.377344573252373 -0.218779227354156 0.025079162065804
17.412029891761858 -0.217049938829358 0.025239820462250
17.446715210271343 -0.215483265159657 0.025429438175798
17.481400528780828 -0.213462357215519 0.025577957393522
17.516085847290313 -0.211811810650900 0.025765201175099
17.550771165799802 -0.209774708864065 0.025923686176304
17.585456484309287 -0.208026362985499 0.026118938238011
17.620141802818775 -0.205852681389615 0.026264425733369
17.654827121328260 -0.204033984098132 0.026474503653825
17.689512439837745 -0.201809275592066 0.026622975880142
17.724197758347231 -0.199741827053083 0.026812813857448
17.758883076856716 -0.197630913383550 0.026991518013897
17.793568395366201 -0.195409571874062 0.027147606629081
17.828253713875686 -0.193108849604310 0.027351880617239
17.862939032385171 -0.190822031849750 0.027509774310936
17.897624350894656 -0.188599349535255 0.027690387114417
17.932309669404145 -0.186176138460052 0.027869036757990
17.966994987913630 -0.183653329494951 0.028032645172461
18.001680306423115 -0.181308621071908 0.028214172934710
18.036365624932603 -0.178689634873892 0.028378142223973
18.071050943442089 -0.176254870528249 0.028541258352426
18.105736261951574 -0.173545166882288 0.028710480928579
18.140421580461059 -0.170862368212727 0.028885797275510
18.175106898970544 -0.168381488546212 0.029028807992999
18.209792217480032 -0.165500377563455 0.029181498120518
18.244477535989517 -0.162745411582078 0.029356286685544
18.279162854499003 -0.160009767051085 0.029486069335707
18.313848173008488 -0.157127303876467 0.029636911093891
18.348533491517973 -0.154313339296975 0.029770667914419
18.383218810027458 -0.151148606972639 0.029909869049146
18.417904128536943 -0.148314766855189 0.030050565978606
18.452589447046432 -0.145337798885130 0.030150956509281
18.487274765555917 -0.142219246434217 0.030295593076721
18.521960084065405 -0.139209391396484 0.030362670387419
18.556645402574890 -0.135952931961438 0.030511061823818
18.591330721084375 -0.132945295186257 0.030556841055171
18.626016039593861 -0.129669139785923 0.030684379687614
18.660701358103346 -0.126357191974591 0.030735297973297
18.695386676612831 -0.123067956252799 0.030827187133757
18.730071995122316 -0.119820873313712 0.030851195601818
18.764757313631801 -0.116572631564553 0.030902748249098
18.799442632141290 -0.112891961502026 0.030955291789490
18.834127950650775 -0.109831476653994 0.030935899005561
18.868813269160260 -0.106047627513957 0.030990077826452
18.903498587669745 -0.102926828201319 0.030954729961673
18.938183906179233 -0.098905533925731 0.030968958323166
18.972869224688719 -0.095688990543399 0.030919664591175
19.007554543198204 -0.092107313944197 0.030844443852250
19.042239861707689 -0.088224791906231 0.030804962176146
19.076925180217174 -0.084719880087994 0.030724489440232
19.111610498726662 -0.081137933547443 0.030586643275189
19.146295817236147 -0.077177370540687 0.030511607035046
19.180981135745633 -0.073566185300050 0.030361728784684
19.215666454255118 -0.069927239407752 0.030152663396733
19.250351772764603 -0.065557624349363 0.030080141481635
19.285037091274088 -0.062556188702850 0.029745916861151
19.319722409783573 -0.057818001748789 0.029625089246073
19.354407728293062 -0.054769701573910 0.029292962998616
19.389093046802547 -0.050262701211131 0.029041036387281
19.423778365312035 -0.046550860135148 0.028744918746744
19.458463683821520 -0.042738024658284 0.028358187133885
19.493149002331005 -0.038460245978768 0.028068211019422
19.527834320840491 -0.034538894749605 0.027641749404380
19.562519639349976 -0.030593622279146 0.027211265842178
19.597204957859461 -0.026195995053828 0.026854950531881
19.631890276368946 -0.022548459766810 0.026235735805640
19.666575594878431 -0.018683624988211 0.025640387030225
19.701260913387920 -0.013750942117538 0.025289369548478
19.735946231897405 -0.009877003924249 0.024657291314809
19.770631550406890 -0.005928972327361 0.023955476743542
19.805316868916375 -0.001867280242778 0.023259461631764
19.840002187425863 0.002639110300268 0.022654397167764
19.874687505935348 0.006205762721588 0.021670765405471
19.909372824444834 0.010755289986113 0.021006475391779
19.944058142954319 0.015312152809368 0.020209888277152
19.978743461463807 0.019340628301123 0.019301603716548
20.013428779973292 0.023313001415843 0.018257416402780
20.048114098482777 0.027951162039122 0.017353453323407
20.082799416992263 0.031502576889428 0.016162681402674
20.117484735501748 0.036812990960962 0.015340747739824
20.152170054011233 0.040552723644608 0.014028232711055
20.186855372520718 0.043287844834172 0.012351761931768
20.221540691030203 0.050426930191730 0.011970935278093
20.256226009539692 0.052553195254364 0.009959837263292
20.290911328049177 0.057457277453394 0.008805406458390
20.325596646558665 0.061919209743222 0.007398619463605
20.360281965068150 0.066408175935167 0.006133833580338
20.394967283577635 0.069032209368888 0.003591429250926
20.429652602087121 0.076002012539535 0.003427350621071
20.464337920596606 0.076566621954346 -0.000159622153015
20.499023239106091 0.084571319485154 -0.000045930518932
20.533708557615576 0.086831422350748 -0.002973572615696
20.568393876125061 0.090676098596596 -0.004864406502745
20.603079194634550 0.096636805081664 -0.006038037287920
20.637764513144035 0.097644580758238 -0.009721819566567
20.672449831653520 0.104751320825367 -0.010492852809157
20.707135150163005 0.106656940477549 -0.013749410924659
20.741820468672493 0.113160948113654 -0.014630001041932
20.776505787181978 0.114535598039066 -0.018543387003926
20.811191105691464 0.120616778296953 -0.020105321853548
