0.000000000000000 0.000000000000000 0.192412201886201
0.014203323540813 0.000000000000000 0.192516588470611
0.028406647081627 0.000000000000000 0.192525689217149
0.042609970622440 0.000000000000000 0.192490285799430
0.056813294163253 0.000000000000000 0.192283663340611
0.071016617704067 0.000000000000000 0.192035910614932
0.085219941244880 0.000000000000000 0.191612796503561
0.099423264785694 0.000000000000000 0.191134905845051
0.113626588326507 0.000000000000000 0.190467936935380
0.127829911867320 0.000000000000000 0.189755582874460
0.142033235408134 0.000000000000000 0.188831326173702
0.156236558948947 0.000000000000000 0.187865879153672
0.170439882489760 0.000000000000000 0.186664157921289
0.184643206030574 0.000000000000000 0.185461529140902
0.198846529571387 0.000000000000000 0.183971823578369
0.213049853112201 0.000000000000000 0.182452691305176
0.227253176653014 0.000000000000000 0.180765250933028
0.241456500193827 0.000000000000000 0.178934494618089
0.255659823734641 0.000000000000000 0.176956685825955
0.269863147275454 0.000000000000000 0.174891869320206
0.284066470816267 0.000000000000000 0.172673710257557
0.298269794357081 0.000000000000000 0.170351726041119
0.312473117897894 0.000000000000000 0.167891821170616
0.326676441438707 0.000000000000000 0.165383734350843
0.340879764979521 0.000000000000000 0.162723416747162
0.355083088520334 0.000000000000000 0.160060774539851
0.369286412061148 0.000000000000000 0.157241127452972
0.383489735601961 0.000000000000000 0.154468058045448
0.397693059142774 0.000000000000000 0.151557402296857
0.411896382683588 0.000000000000000 0.148707307899513
0.426099706224401 0.000000000000000 0.145773037625908
0.440303029765214 0.000000000000000 0.142907962331239
0.454506353306028 0.000000000000000 0.139984429614620
0.468709676846841 0.000000000000000 0.137170294670426
0.482913000387655 0.000000000000000 0.134289630402853
0.497116323928468 0.000000000000000 0.131551791707225
0.511319647469281 0.000000000000000 0.128796360251727
0.525522971010095 0.000000000000000 0.126165559370169
0.539726294550908 0.000000000000000 0.123540384534001
0.553929618091721 0.000000000000000 0.121062981966251
0.568132941632535 0.000000000000000 0.118592874656184
0.582336265173348 0.000000000000000 0.116281739230914
0.596539588714161 0.000000000000000 0.113986036651049
0.610742912254975 0.000000000000000 0.111847390496388
0.624946235795788 0.000000000000000 0.109735166090224
0.639149559336602 0.000000000000000 0.107782207196581
0.653352882877415 0.000000000000000 0.105867148751842
0.667556206418228 0.000000000000000 0.104085132757572
0.681759529959042 0.000000000000000 0.102367467662642
0.695962853499855 0.000000000000000 0.100769285261622
0.710166177040668 0.000000000000000 0.099223234896010
0.724369500581482 0.000000000000000 0.097816038137283
0.738572824122295 0.000000000000000 0.096437474915533
0.752776147663109 0.000000000000000 0.095217181996899
0.766979471203922 0.000000000000000 0.093980018274891
0.781182794744735 0.000000000000000 0.092939932392036
0.795386118285549 0.000000000000000 0.091885336927602
0.809589441826362 0.000000000000000 0.090962323889807
0.823792765367175 0.000000000000000 0.090085980915481
0.837996088907989 0.000000000000000 0.089293923182846
0.852199412448802 0.000000000000000 0.088545722650341
0.866402735989615 0.000000000000000 0.087927185126363
0.880606059530429 0.000000000000000 0.087290338236640
0.894809383071242 0.000000000000000 0.086794311976343
0.909012706612056 0.000000000000000 0.086276600253834
0.923216030152869 0.000000000000000 0.085924774150208
0.937419353693682 0.000000000000000 0.085505459883295
0.951622677234496 0.000000000000000 0.085232479474706
0.965826000775309 0.000000000000000 0.084973767823098
0.980029324316122 0.000000000000000 0.084782285873908
0.994232647856936 0.000000000000000 0.084582520510976
1.008435971397749 0.000000000000000 0.084544012023518
1.022639294938563 0.000000000000000 0.084389679907183
1.036842618479376 0.000000000000000 0.084448417173280
1.051045942020189 0.000000000000000 0.084388812571848
1.065249265561003 0.000000000000000 0.084486377459799
1.079452589101816 0.000000000000000 0.084543487168461
1.093655912642630 0.000000000000000 0.084730128154387
1.107859236183443 0.000000000000000 0.084788467392405
1.122062559724256 0.000000000000000 0.085076571364154
1.136265883265069 0.000000000000000 0.085190526238718
1.150469206805883 0.000000000000000 0.085554158592637
1.164672530346696 0.000000000000000 0.085721951296123
1.178875853887509 0.000000000000000 0.086092004432531
1.193079177428323 0.000000000000000 0.086371121769554
1.207282500969136 0.000000000000000 0.086745115924952
1.221485824509950 0.000000000000000 0.087104098492315
1.235689148050763 0.000000000000000 0.087510408075798
1.249892471591576 0.000000000000000 0.087882181095736
1.264095795132390 0.000000000000000 0.088358080689786
1.278299118673203 0.000000000000000 0.088729326391468
1.292502442214017 0.000000000000000 0.089272832356408
1.306705765754830 0.000000000000000 0.089700072582839
1.320909089295643 0.000000000000000 0.090194141532341
1.335112412836457 0.000000000000000 0.090694863200101
1.349315736377270 0.000000000000000 0.091217178787226
1.363519059918083 0.000000000000000 0.091707963158889
1.377722383458897 0.000000000000000 0.092308400755768
1.391925706999710 0.000000000000000 0.092735869316559
1.406129030540523 0.000000000000000 0.093450661631630
1.420332354081337 0.000000000000000 0.093841825638459
1.434535677622150 0.000000000000000 0.094522351965092
1.448739001162964 0.000000000000000 0.094981475990528
1.462942324703777 0.000000000000000 0.095685803485784
1.477145648244590 0.000000000000000 0.096198356296928
1.491348971785404 0.000000000000000 0.096720564500798
1.505552295326217 0.000000000000000 0.097355232552616
1.519755618867030 0.000000000000000 0.097994149341703
1.533958942407844 0.000000000000000 0.098505006086507
1.548162265948657 0.000000000000000 0.099062738108314
1.562365589489471 0.000000000000000 0.099677139310264
1.576568913030284 0.000000000000000 0.100288908119201
1.590772236571097 0.000000000000000 0.100880740544403
1.604975560111911 0.000000000000000 0.101392641482270
1.619178883652724 0.000000000000000 0.101962509540197
1.633382207193537 0.000000000000000 0.102524511117643
1.647585530734351 0.000000000000000 0.103156750431410
1.661788854275164 0.000000000000000 0.103682349062581
1.675992177815977 0.000000000000000 0.104234519264773
1.690195501356791 0.000000000000000 0.104759458778176
1.704398824897604 0.000000000000000 0.105270061208403
1.718602148438418 0.000000000000000 0.105808246881021
1.732805471979231 0.000000000000000 0.106375244132500
1.747008795520044 0.000000000000000 0.106867746153347
1.761212119060858 0.000000000000000 0.107300152646766
1.775415442601671 0.000000000000000 0.107980832625968
1.789618766142484 0.000000000000000 0.108194553946460
1.803822089683298 0.000000000000000 0.108867393514352
1.818025413224111 0.000000000000000 0.109193453564340
1.832228736764924 0.000000000000000 0.109775841769210
1.846432060305738 0.000000000000000 0.109964634690286
1.860635383846551 0.000000000000000 0.110753580445636
1.874838707387364 0.000000000000000 0.110832150956330
1.889042030928178 0.000000000000000 0.111350326295188
1.903245354468991 0.000000000000000 0.111681724271887
1.917448678009805 0.000000000000000 0.112102286042359
1.931652001550618 0.000000000000000 0.112415769895184
1.945855325091431 0.000000000000000 0.112777592137506
1.960058648632245 0.000000000000000 0.113057459386299
1.974261972173058 0.000000000000000 0.113355762143976
1.988465295713872 0.000000000000000 0.113608277607732
2.002668619254685 0.000000000000000 0.113816669078896
2.016871942795499 0.000000000000000 0.114333316771801
2.031075266336312 0.000000000000000 0.114153909233322
2.045278589877125 0.000000000000000 0.114763434527146
2.059481913417939 0.000000000000000 0.114523307031016
2.073685236958752 0.000000000000000 0.115170440369232
2.087888560499565 0.000000000000000 0.114945997462358
2.102091884040379 0.000000000000000 0.115178701764042
2.116295207581192 0.000000000000000 0.115293318322337
2.130498531122005 0.000000000000000 0.115438916286699
2.144701854662819 0.000000000000000 0.115468604825800
2.158905178203632 0.000000000000000 0.115449366765169
2.173108501744445 0.000000000000000 0.115613694027723
2.187311825285259 0.000000000000000 0.115501811227668
2.201515148826072 0.000000000000000 0.115512709769779
2.215718472366885 0.000000000000000 0.115351240097645
2.229921795907699 0.000000000000000 0.115512697928169
2.244125119448512 0.000000000000000 0.115271110294318
2.258328442989325 0.000000000000000 0.115156128756089
2.272531766530139 0.000000000000000 0.115095378426740
2.286735090070952 0.000000000000000 0.114932186175347
2.300938413611766 0.000000000000000 0.114560642898562
2.315141737152579 0.000000000000000 0.114687460613940
2.329345060693393 0.000000000000000 0.114223089736495
2.343548384234206 0.000000000000000 0.114021037173230
2.357751707775019 0.000000000000000 0.113709488003768
2.371955031315832 0.000000000000000 0.113459081419094
2.386158354856646 0.000000000000000 0.113088079494080
2.400361678397459 0.000000000000000 0.112762812270300
2.414565001938273 0.000000000000000 0.112340211266854
2.428768325479086 0.000000000000000 0.111898373202062
2.442971649019899 0.000000000000000 0.111717467329176
2.457174972560713 0.000000000000000 0.111025729621114
2.471378296101526 0.000000000000000 0.110389237408608
2.485581619642339 0.000000000000000 0.110444201971385
2.499784943183153 0.000000000000000 0.109154893836684
2.513988266723966 0.000000000000000 0.109387370096541
2.528191590264779 0.000000000000000 0.108114440050649
2.542394913805593 0.000000000000000 0.107912910299774
2.556598237346406 0.000000000000000 0.107189219684982
2.570801560887220 0.000000000000000 0.106448057484445
2.585004884428033 0.000000000000000 0.105757038188567
2.599208207968847 0.000000000000000 0.105103003096566
2.613411531509660 0.000000000000000 0.104334418879103
2.627614855050473 0.000000000000000 0.103611466753223
2.641818178591286 0.000000000000000 0.102779987486911
2.656021502132100 0.000000000000000 0.101986021261673
2.670224825672913 0.000000000000000 0.101097698746202
2.684428149213727 0.000000000000000 0.100224393779012
2.698631472754540 0.000000000000000 0.099298103085162
2.712834796295354 0.000000000000000 0.098283943260300
2.727038119836167 0.000000000000000 0.097714380525201
2.741241443376980 0.000000000000000 0.096312986414591
2.755444766917793 0.000000000000000 0.095425607873077
2.769648090458607 0.000000000000000 0.094575566746796
2.783851413999420 0.000000000000000 0.093198446033575
2.798054737540234 0.000000000000000 0.092437277708235
2.812258061081047 0.000000000000000 0.091135060394893
2.826461384621860 0.000000000000000 0.089906556650293
2.840664708162674 0.000000000000000 0.089131108514716
2.854868031703487 0.000000000000000 0.087571106446181
2.869071355244300 0.000000000000000 0.086466463421313
2.883274678785114 0.000000000000000 0.085177272277434
2.897478002325927 0.000000000000000 0.084171311512448
2.911681325866740 0.000000000000000 0.082631210198620
2.925884649407554 0.000000000000000 0.081346865921889
2.940087972948367 0.000000000000000 0.079972215572386
2.954291296489181 0.000000000000000 0.078880943813045
2.968494620029994 0.000000000000000 0.077217320789814
2.982697943570807 0.000000000000000 0.075754219859882
2.996901267111621 0.000000000000000 0.074722194005927
3.011104590652434 0.000000000000000 0.072802679247734
3.025307914193248 0.000000000000000 0.071600574546123
3.039511237734061 0.000000000000000 0.070015242204835
3.053714561274874 0.000000000000000 0.068436057226644
3.067917884815688 0.000000000000000 0.067010707591705
3.082121208356501 0.000000000000000 0.065312378944694
3.096324531897315 0.000000000000000 0.063770138205092
3.110527855438128 0.000000000000000 0.062215623508019
3.124731178978941 0.000000000000000 0.060369398012426
3.138934502519755 0.000000000000000 0.059009142774623
3.153137826060568 0.000000000000000 0.057090179295011
3.167341149601381 0.000000000000000 0.055461476043450
3.181544473142195 0.000000000000000 0.053687031463018
3.195747796683008 0.000000000000000 0.052067580000555
3.209951120223821 0.000000000000000 0.050195745949415
3.224154443764634 0.000000000000000 0.048447239742103
3.238357767305448 0.000000000000000 0.046599662757473
3.252561090846261 0.000000000000000 0.044819455400032
3.266764414387075 0.000000000000000 0.042915271610678
3.280967737927888 0.000000000000000 0.041164133032379
3.295171061468702 0.000000000000000 0.039178815697911
3.309374385009515 0.000000000000000 0.037297007260650
3.323577708550328 0.000000000000000 0.035377332189607
3.337781032091141 0.000000000000000 0.033487405620608
3.351984355631955 0.000000000000000 0.031463169320247
3.366187679172768 0.000000000000000 0.029529683554527
3.380391002713582 0.000000000000000 0.027559218373109
3.394594326254395 0.000000000000000 0.025533104039877
3.408797649795209 0.000000000000000 0.023495102773102
3.423000973336022 0.000000000000000 0.021498722314553
3.437204296876835 0.000000000000000 0.019393373857076
3.451407620417648 0.000000000000000 0.017423322574991
3.465610943958462 0.000000000000000 0.015224950055524
3.479814267499275 0.000000000000000 0.013237270902715
3.494017591040088 0.000000000000000 0.011050525716465
3.508220914580902 0.000000000000000 0.008989245405489
3.522424238121716 0.000000000000000 0.006805697705227
3.536627561662529 0.000000000000000 0.004702974582544
3.550830885203342 0.000000000000000 0.002504899991071
3.565034208744156 0.000000000000000 0.000374440173312
3.579237532284969 0.000000000000000 -0.001844478924210
3.593440855825782 0.000000000000000 -0.003999566465597
3.607644179366596 0.000000000000000 -0.006237402028082
3.621847502907409 0.000000000000000 -0.008415505168653
3.636050826448222 0.000000000000000 -0.010671030161219
3.650254149989036 0.000000000000000 -0.012874932195340
3.664457473529849 0.000000000000000 -0.015140672623790
3.678660797070663 0.000000000000000 -0.017362548392570
3.692864120611476 0.000000000000000 -0.019641440207517
3.707067444152289 0.000000000000000 -0.021882762699088
3.721270767693102 0.000000000000000 -0.024187371719236
3.735474091233916 0.000000000000000 -0.026432597587403
3.749677414774729 0.000000000000000 -0.028703153341071
3.763880738315543 0.000000000000000 -0.031063196350538
3.778084061856356 0.000000000000000 -0.033270407921119
3.792287385397169 0.000000000000000 -0.035677216163790
3.806490708937983 0.000000000000000 -0.037839826906095
3.820694032478797 0.000000000000000 -0.040277007195455
3.834897356019609 0.000000000000000 -0.042510669443115
3.849100679560423 0.000000000000000 -0.044893625418150
3.863304003101236 0.000000000000000 -0.047163963832731
3.877507326642049 0.000000000000000 -0.049452579799898
3.891710650182863 0.000000000000000 -0.051815034776407
3.905913973723677 0.000000000000000 -0.054180670522324
3.920117297264489 0.000000000000000 -0.056435894025094
3.934320620805303 0.000000000000000 -0.058767046250404
3.948523944346117 0.000000000000000 -0.061081854458787
3.962727267886930 0.000000000000000 -0.063548815769639
3.976930591427743 0.000000000000000 -0.065630074702938
3.991133914968557 0.000000000000000 -0.068164983788814
4.005337238509370 0.000000000000000 -0.070265957182075
4.019540562050183 0.000000000000000 -0.072881339319542
4.033743885590997 0.000000000000000 -0.074938704985395
4.047947209131809 0.000000000000000 -0.077318515668179
4.062150532672623 0.000000000000000 -0.079659715326102
4.076353856213437 0.000000000000000 -0.081943412137679
4.090557179754250 0.000000000000000 -0.084280527084895
4.104760503295063 0.000000000000000 -0.086501277442217
4.118963826835877 0.000000000000000 -0.088827438550132
4.133167150376690 0.000000000000000 -0.090982421816807
4.147370473917504 0.000000000000000 -0.093688690922520
4.161573797458317 0.000000000000000 -0.095333204815043
4.175777120999130 0.000000000000000 -0.098163447612271
4.189980444539944 0.000000000000000 -0.099919075208222
4.204183768080758 0.000000000000000 -0.102692523095636
4.218387091621571 0.000000000000000 -0.104289646590474
4.232590415162384 0.000000000000000 -0.107193636796581
4.246793738703198 0.000000000000000 -0.108986188304065
4.260997062244011 0.000000000000000 -0.111257672827177
4.275200385784824 0.000000000000000 -0.113426042425337
4.289403709325637 0.000000000000000 -0.115679711548494
4.303607032866450 0.000000000000000 -0.117937196041544
4.317810356407264 0.000000000000000 -0.120024658558843
4.332013679948077 0.000000000000000 -0.122118460472518
4.346217003488890 0.000000000000000 -0.124269216410776
4.360420327029704 0.000000000000000 -0.126516194462462
4.374623650570518 0.000000000000000 -0.128578696758739
4.388826974111331 0.000000000000000 -0.130584999287018
4.403030297652144 0.000000000000000 -0.132695177827192
4.417233621192958 0.000000000000000 -0.134633857347841
4.431436944733771 0.000000000000000 -0.136894680019735
4.445640268274585 0.000000000000000 -0.139087307981951
4.459843591815398 0.000000000000000 -0.140672874172992
4.474046915356211 0.000000000000000 -0.142779728884165
4.488250238897025 0.000000000000000 -0.145333654878631
4.502453562437839 0.000000000000000 -0.146083269170845
4.516656885978651 0.000000000000000 -0.149749319840734
4.530860209519465 0.000000000000000 -0.149770676535232
4.545063533060278 0.000000000000000 -0.153586644015352
4.559266856601091 0.000000000000000 -0.153552920224414
4.573470180141904 0.000000000000000 -0.157389837055531
4.587673503682717 0.000000000000000 -0.157600513766007
4.601876827223531 0.000000000000000 -0.160308505226809
4.616080150764345 0.000000000000000 -0.162105478236185
4.630283474305158 0.000000000000000 -0.163415577629579
4.644486797845971 0.000000000000000 -0.165509050986974
4.658690121386785 0.000000000000000 -0.167617549447703
4.672893444927598 0.000000000000000 -0.168682997077207
4.687096768468411 0.000000000000000 -0.170616799804114
4.701300092009225 0.000000000000000 -0.172276603082436
4.715503415550038 0.000000000000000 -0.174480519365402
4.729706739090852 0.000000000000000 -0.175461260050004
4.743910062631665 0.000000000000000 -0.177278943438054
4.758113386172478 0.000000000000000 -0.178791052117163
4.772316709713292 0.000000000000000 -0.180446848726037
4.786520033254106 0.000000000000000 -0.181943371978546
4.800723356794919 0.000000000000000 -0.183523951840100
4.814926680335732 0.000000000000000 -0.184976104604090
4.829130003876545 0.000000000000000 -0.186491634420492
4.843333327417358 0.000000000000000 -0.187892538257458
4.857536650958172 0.000000000000000 -0.189344872885863
4.871739974498985 0.000000000000000 -0.190691709916531
4.885943298039798 0.000000000000000 -0.192080586264578
4.900146621580612 0.000000000000000 -0.193372098265289
4.914349945121426 0.000000000000000 -0.194696260420282
4.928553268662238 0.000000000000000 -0.195932374755471
4.942756592203052 0.000000000000000 -0.197189266817957
4.956959915743866 0.000000000000000 -0.198372543253650
4.971163239284679 0.000000000000000 -0.199552412186557
4.985366562825492 0.000000000000000 -0.200758825340226
4.999569886366306 0.000000000000000 -0.202021081810550
5.013773209907119 0.000000000000000 -0.203141242411315
5.027976533447933 0.000000000000000 -0.204099258118405
5.042179856988746 0.000000000000000 -0.205068095705203
5.056383180529559 0.000000000000000 -0.205672468553437
5.070586504070373 0.000000000000000 -0.208013870559662
5.084789827611186 0.000000000000000 -0.207353804033577
5.098993151151999 0.000000000000000 -0.209422271921994
5.113196474692812 0.000000000000000 -0.209640292945789
5.127399798233626 0.000000000000000 -0.210980179853604
5.141603121774439 0.000000000000000 -0.211247581449519
5.155806445315252 0.000000000000000 -0.212742964071718
5.170009768856066 0.000000000000000 -0.212796553822695
5.184213092396879 0.000000000000000 -0.214220311088400
5.198416415937693 0.000000000000000 -0.214023922925400
5.212619739478506 0.000000000000000 -0.215778773096430
5.226823063019319 0.000000000000000 -0.215604087838179
5.241026386560133 0.000000000000000 -0.216560631796849
5.255229710100947 0.000000000000000 -0.217033949362156
5.269433033641760 0.000000000000000 -0.217541222588257
5.283636357182573 0.000000000000000 -0.218315142635358
5.297839680723387 0.000000000000000 -0.218391460997849
5.312043004264200 0.000000000000000 -0.218740935120712
5.326246327805013 0.000000000000000 -0.219810608169919
5.340449651345827 0.000000000000000 -0.219261534296746
5.354652974886640 0.000000000000000 -0.220416567170410
5.368856298427453 0.000000000000000 -0.220308425268927
5.383059621968266 0.000000000000000 -0.220813613274351
5.397262945509079 0.000000000000000 -0.220673344055570
5.411466269049893 0.000000000000000 -0.221010114607977
5.425669592590707 0.000000000000000 -0.221360846818900
5.439872916131520 0.000000000000000 -0.221452841747160
5.454076239672333 0.000000000000000 -0.221195357313472
5.468279563213147 0.000000000000000 -0.221637763331044
5.482482886753960 0.000000000000000 -0.221560321190089
5.496686210294774 0.000000000000000 -0.221668623422702
5.510889533835587 0.000000000000000 -0.221152644445127
5.525092857376400 0.000000000000000 -0.221354654383997
5.539296180917214 0.000000000000000 -0.221523519447401
5.553499504458028 0.000000000000000 -0.221039086039187
5.567702827998840 0.000000000000000 -0.221194491398923
5.581906151539654 0.000000000000000 -0.220759271888567
5.596109475080468 0.000000000000000 -0.220414670254402
5.610312798621281 0.000000000000000 -0.219835754060246
5.624516122162094 0.000000000000000 -0.219986958046764
5.638719445702908 0.000000000000000 -0.219934386493452
5.652922769243721 0.000000000000000 -0.218177907364716
5.667126092784534 0.000000000000000 -0.219790606350447
5.681329416325347 0.000000000000000 -0.217313436489726
5.695532739866160 0.000000000000000 -0.218164169216750
5.709736063406974 0.000000000000000 -0.217181094782468
5.723939386947788 0.000000000000000 -0.216019538011148
5.738142710488600 0.000000000000000 -0.217037458764895
5.752346034029414 0.000000000000000 -0.214011651100539
5.766549357570228 0.000000000000000 -0.216093069183043
5.780752681111041 0.000000000000000 -0.213014409365064
5.794956004651854 0.000000000000000 -0.213516483282426
5.809159328192668 0.000000000000000 -0.212756658904789
5.823362651733481 0.000000000000000 -0.210645365795798
5.837565975274295 0.000000000000000 -0.212216044257878
5.851769298815108 0.000000000000000 -0.208783318710403
5.865972622355921 0.000000000000000 -0.209538350242119
5.880175945896735 0.000000000000000 -0.208117441678412
5.894379269437549 0.000000000000000 -0.206253948734886
5.908582592978362 0.000000000000000 -0.207335954541983
5.922785916519175 0.000000000000000 -0.203930488920435
5.936989240059988 0.000000000000000 -0.204458517485789
5.951192563600801 0.000000000000000 -0.202871165362387
5.965395887141614 0.000000000000000 -0.200824053005958
5.979599210682428 0.000000000000000 -0.201760772755633
5.993802534223241 0.000000000000000 -0.198276397624285
6.008005857764055 0.000000000000000 -0.198354390355415
6.022209181304868 0.000000000000000 -0.196995741134691
6.036412504845681 0.000000000000000 -0.194429549544463
6.050615828386495 0.000000000000000 -0.195454077202902
6.064819151927309 0.000000000000000 -0.191748406628442
6.079022475468122 0.000000000000000 -0.191491691031688
6.093225799008935 0.000000000000000 -0.190227649598553
6.107429122549749 0.000000000000000 -0.187451398890144
6.121632446090562 0.000000000000000 -0.188031306801540
6.135835769631376 0.000000000000000 -0.184615323247629
6.150039093172189 0.000000000000000 -0.183810175217998
6.164242416713002 0.000000000000000 -0.182684979989678
6.178445740253816 0.000000000000000 -0.179604734834192
6.192649063794629 0.000000000000000 -0.180028401614529
6.206852387335442 0.000000000000000 -0.176497652232789
6.221055710876255 0.000000000000000 -0.175601566609842
6.235259034417069 0.000000000000000 -0.174174881086918
6.249462357957882 0.000000000000000 -0.171046026319071
6.263665681498695 0.000000000000000 -0.171431748794808
6.277869005039509 0.000000000000000 -0.167443066061376
6.292072328580322 0.000000000000000 -0.166898453944606
6.306275652121136 0.000000000000000 -0.164669752809961
6.320478975661949 0.000000000000000 -0.162163243847389
6.334682299202762 0.000000000000000 -0.161664988395846
6.348885622743576 0.000000000000000 -0.157785139455521
6.363088946284390 0.000000000000000 -0.157778346105452
6.377292269825202 0.000000000000000 -0.154105812390007
6.391495593366016 0.000000000000000 -0.153042677022464
6.405698916906829 0.000000000000000 -0.150693790877530
6.419902240447643 0.000000000000000 -0.148209034737062
6.434105563988456 0.000000000000000 -0.147095089652545
6.448308887529269 0.000000000000000 -0.143396501334469
6.462512211070083 0.000000000000000 -0.143233869715579
6.476715534610896 0.000000000000000 -0.138804060794958
6.490918858151709 0.000000000000000 -0.138820553678930
6.505122181692522 0.000000000000000 -0.134497032522258
6.519325505233336 0.000000000000000 -0.134046716298720
6.533528828774149 0.000000000000000 -0.130196330428773
6.547732152314963 0.000000000000000 -0.129240276698840
6.561935475855776 0.000000000000000 -0.125715110691654
6.576138799396589 0.000000000000000 -0.124445930240907
6.590342122937403 0.000000000000000 -0.121043487670766
6.604545446478216 0.000000000000000 -0.119668770984053
6.618748770019029 0.000000000000000 -0.116187807962824
6.632952093559843 0.000000000000000 -0.114902548825333
6.647155417100657 0.000000000000000 -0.111169953155658
6.661358740641470 0.000000000000000 -0.110116178734194
6.675562064182283 0.000000000000000 -0.106084226579258
6.689765387723097 0.000000000000000 -0.105113927015377
6.703968711263910 0.000000000000000 -0.101416998770144
6.718172034804724 0.000000000000000 -0.099261577804324
6.732375358345537 0.000000000000000 -0.096783983462956
6.746578681886350 0.000000000000000 -0.094238636079551
6.760782005427163 0.000000000000000 -0.091457323402022
6.774985328967977 0.000000000000000 -0.088882676012858
6.789188652508789 0.000000000000000 -0.086479302729348
6.803391976049603 0.000000000000000 -0.083576791697412
6.817595299590417 0.000000000000000 -0.080752266439529
6.831798623131231 0.000000000000000 -0.078674890478597
6.846001946672043 0.000000000000000 -0.075410848402951
6.860205270212856 0.000000000000000 -0.072943147540996
6.874408593753671 0.000000000000000 -0.070240839655978
6.888611917294484 0.000000000000000 -0.067531113938981
6.902815240835296 0.000000000000000 -0.064613744622045
6.917018564376111 0.000000000000000 -0.062156031227387
6.931221887916924 0.000000000000000 -0.059168047404882
6.945425211457737 0.000000000000000 -0.056398070424174
6.959628534998551 0.000000000000000 -0.053817262731479
6.973831858539364 0.000000000000000 -0.050739988752966
6.988035182080177 0.000000000000000 -0.048239042512114
7.002238505620991 0.000000000000000 -0.045181161635806
7.016441829161804 0.000000000000000 -0.042534425005519
7.030645152702617 0.000000000000000 -0.039607597466207
7.044848476243431 0.000000000000000 -0.036830203785601
7.059051799784244 0.000000000000000 -0.033925439749777
7.073255123325057 0.000000000000000 -0.031170276943539
7.087458446865871 0.000000000000000 -0.028187719569141
7.101661770406684 0.000000000000000 -0.025510363020416
7.115865093947497 0.000000000000000 -0.022480709807964
7.130068417488311 0.000000000000000 -0.019720180590606
7.144271741029124 0.000000000000000 -0.016790808946546
7.158475064569937 0.000000000000000 -0.013961252934805
7.172678388110752 0.000000000000000 -0.011034595699111
7.186881711651565 0.000000000000000 -0.008203464165465
7.201085035192377 0.000000000000000 -0.005281750051420
7.215288358733192 0.000000000000000 -0.002439408087611
7.229491682274005 0.000000000000000 0.000484026783019
7.243695005814818 0.000000000000000 0.003317384024510
7.257898329355632 0.000000000000000 0.006274120726043
7.272101652896445 0.000000000000000 0.009078028530873
7.286304976437258 0.000000000000000 0.012022772369391
7.300508299978071 0.000000000000000 0.014851719828072
7.314711623518884 0.000000000000000 0.017795509034891
7.328914947059697 0.000000000000000 0.020587097189806
7.343118270600512 0.000000000000000 0.023511953481513
7.357321594141325 0.000000000000000 0.026386867977743
7.371524917682137 0.000000000000000 0.029246812112998
7.385728241222952 0.000000000000000 0.032070057965961
7.399931564763765 0.000000000000000 0.035011064081993
7.414134888304578 0.000000000000000 0.037782813494602
7.428338211845392 0.000000000000000 0.040602281298901
7.442541535386205 0.000000000000000 0.043533120661246
7.456744858927018 0.000000000000000 0.046264647813263
7.470948182467833 0.000000000000000 0.049191799710335
7.485151506008645 0.000000000000000 0.051892391929732
7.499354829549458 0.000000000000000 0.054732289952034
7.513558153090273 0.000000000000000 0.057569905935808
7.527761476631086 0.000000000000000 0.060339458979762
7.541964800171898 0.000000000000000 0.063135048080887
7.556168123712713 0.000000000000000 0.065855589785899
7.570371447253526 0.000000000000000 0.068565400398605
7.584574770794339 0.000000000000000 0.071391125923374
7.598778094335152 0.000000000000000 0.074063593792562
7.612981417875965 0.000000000000000 0.076842581289428
7.627184741416778 0.000000000000000 0.079448742228781
7.641388064957593 0.000000000000000 0.082169382462378
7.655591388498405 0.000000000000000 0.084896844089494
7.669794712039218 0.000000000000000 0.087504293189632
7.683998035580033 0.000000000000000 0.090186244949870
7.698201359120846 0.000000000000000 0.092650335404184
7.712404682661659 0.000000000000000 0.095537263670516
7.726608006202473 0.000000000000000 0.097798686369233
7.740811329743286 0.000000000000000 0.100725267021215
7.755014653284099 0.000000000000000 0.102971109989828
7.769217976824913 0.000000000000000 0.105670937642576
7.783421300365726 0.000000000000000 0.108098765061990
7.797624623906539 0.000000000000000 0.110678828600624
7.811827947447354 0.000000000000000 0.112939164723410
7.826031270988167 0.000000000000000 0.115840386830153
7.840234594528979 0.000000000000000 0.117668982313494
7.854437918069793 0.000000000000000 0.120655301780533
7.868641241610606 0.000000000000000 0.122626748975465
7.882844565151419 0.000000000000000 0.125167382609331
7.897047888692233 0.000000000000000 0.127379879405733
7.911251212233046 0.000000000000000 0.129830693412020
7.925454535773859 0.000000000000000 0.132018477360320
7.939657859314673 0.000000000000000 0.134353282794442
7.953861182855486 0.000000000000000 0.136458957238491
7.968064506396299 0.000000000000000 0.138779801550471
7.982267829937114 0.000000000000000 0.140756216240182
7.996471153477927 0.000000000000000 0.143276096532255
8.010674477018739 0.000000000000000 0.144964584918392
8.024877800559553 0.000000000000000 0.147299136725342
8.039081124100367 0.000000000000000 0.149279398699019
8.053284447641179 0.000000000000000 0.151360085463581
8.067487771181995 0.000000000000000 0.153108285592562
8.081691094722807 0.000000000000000 0.155451709020860
8.095894418263619 0.000000000000000 0.157019499656467
8.110097741804434 0.000000000000000 0.159062273927653
8.124301065345247 0.000000000000000 0.160859839637706
8.138504388886060 0.000000000000000 0.162593032758864
8.152707712426874 0.000000000000000 0.164620606071430
8.166911035967686 0.000000000000000 0.166016498494724
8.181114359508500 0.000000000000000 0.167912190303081
8.195317683049314 0.000000000000000 0.169537770952639
8.209521006590126 0.000000000000000 0.171062924708211
8.223724330130940 0.000000000000000 0.172673340236437
8.237927653671754 0.000000000000000 0.174141846876957
8.252130977212568 0.000000000000000 0.175745558699595
8.266334300753380 0.000000000000000 0.177002316601937
8.280537624294194 0.000000000000000 0.178469989522411
8.294740947835008 0.000000000000000 0.179642799088440
8.308944271375820 0.000000000000000 0.181171432335583
8.323147594916634 0.000000000000000 0.182066637907928
8.337350918457448 0.000000000000000 0.183582194425169
8.351554241998260 0.000000000000000 0.184311363788820
8.365757565539075 0.000000000000000 0.185720365511054
8.379960889079888 0.000000000000000 0.186348651989417
8.394164212620700 0.000000000000000 0.187567700939154
8.408367536161515 0.000000000000000 0.188172520031840
8.422570859702327 0.000000000000000 0.189120185167274
8.436774183243141 0.000000000000000 0.189742504365881
8.450977506783955 0.000000000000000 0.190378299939186
8.465180830324767 0.000000000000000 0.190997424121188
8.479384153865581 0.000000000000000 0.191487436429475
8.493587477406395 0.000000000000000 0.191793224622785
8.507790800947207 0.000000000000000 0.192133992225705
8.521994124488021 0.000000000000000 0.192412201886201
