0.000000000000000 0.025555289367805 -0.025364476934218
0.040391614797364 0.032539221505756 -0.028631299768617
0.080783229594728 0.039626692122816 -0.032137020625949
0.121174844392093 0.046582783564491 -0.035623073945080
0.161566459189457 0.053535243921341 -0.039263010491039
0.201958073986821 0.060574920938532 -0.043064772819224
0.242349688784185 0.067429593290040 -0.046885334184580
0.282741303581549 0.074332656836948 -0.050853284097743
0.323132918378913 0.081200001323430 -0.054949446433161
0.363524533176277 0.087811595881052 -0.058992911227312
0.403916147973642 0.094791419673509 -0.063441166735466
0.444307762771006 0.101235838861438 -0.067654226901226
0.484699377568370 0.107902698421241 -0.072178288123119
0.525090992365734 0.114323628941605 -0.076664462665937
0.565482607163098 0.120948052300016 -0.081453008751685
0.605874221960462 0.127003753625971 -0.085987651791649
0.646265836757827 0.133459725315210 -0.090959909322115
0.686657451555191 0.139476356810222 -0.095765190258528
0.727049066352555 0.145624648880002 -0.100829163025230
0.767440681149919 0.151308719501547 -0.105702050525809
0.807832295947283 0.157319322673000 -0.110970682156639
0.848223910744647 0.162832944745956 -0.116021111683394
0.888615525542012 0.168330653047082 -0.121222774386072
0.929007140339376 0.173895202476326 -0.126603516069058
0.969398755136740 0.178880957660686 -0.131725057416420
1.009790369934104 0.184150693046410 -0.137176238801370
1.050181984731468 0.189019523712469 -0.142492052852418
1.090573599528832 0.193667005001282 -0.147751848033047
1.130965214326197 0.198373721908162 -0.153210882785865
1.171356829123561 0.202822763778260 -0.158580606031417
1.211748443920925 0.206918183004207 -0.163816780945540
1.252140058718289 0.211063753428548 -0.169187447577873
1.292531673515653 0.214780504720434 -0.174349000507004
1.332923288313018 0.218670982438964 -0.179735199766592
1.373314903110382 0.221912665994431 -0.184713021430112
1.413706517907746 0.225269390427701 -0.189848797732983
1.454098132705110 0.228329875415314 -0.194848764712568
1.494489747502474 0.231169063000834 -0.199707738930130
1.534881362299838 0.233752183057704 -0.204439084755871
1.575272977097202 0.236280454688317 -0.209152597393343
1.615664591894567 0.238440952266718 -0.213619385287581
1.656056206691931 0.240401349961973 -0.217912768546308
1.696447821489295 0.242182801782250 -0.222101312891866
1.736839436286659 0.243747058528503 -0.226076553913264
1.777231051084023 0.245094102641992 -0.229887336645397
1.817622665881387 0.246205783986844 -0.233439246334584
1.858014280678752 0.247109165092663 -0.236807853565489
1.898405895476116 0.247786027327597 -0.239896445888536
1.938797510273480 0.248284585819299 -0.242804000346639
1.979189125070844 0.248511930459480 -0.245358584101244
2.019580739868208 0.248484114064388 -0.247626579122699
2.059972354665573 0.248507631798926 -0.249834551224810
2.100363969462937 0.247998261429758 -0.251452606240708
2.140755584260301 0.247399825599386 -0.252837660614644
2.181147199057665 0.246793705948827 -0.254139734993641
2.221538813855029 0.245684364877141 -0.254760751665784
2.261930428652393 0.244587776616619 -0.255293122302829
2.302322043449757 0.243308493580448 -0.255451302683495
2.342713658247122 0.241734295275398 -0.255179041775853
2.383105273044486 0.240030574878025 -0.254563051594313
2.423496887841850 0.238329694963716 -0.253812643080326
2.463888502639214 0.236206500573602 -0.252388746297619
2.504280117436578 0.234093245527113 -0.250819954588260
2.544671732233942 0.231812260602669 -0.248832950514129
2.585063347031307 0.229318373047820 -0.246449329592524
2.625454961828670 0.226781430972741 -0.243768602777393
2.665846576626035 0.224072541945225 -0.240725292241569
2.706238191423399 0.221247151938954 -0.237297887313093
2.746629806220763 0.218351743355050 -0.233610870050520
2.787021421018127 0.215261508272761 -0.229452431851661
2.827413035815491 0.212256581797569 -0.225196761707591
2.867804650612856 0.208832039213891 -0.220233141491855
2.908196265410220 0.205670649088097 -0.215362165926787
2.948587880207584 0.202272178528119 -0.209980085374791
2.988979495004948 0.198770177000165 -0.204310874243385
3.029371109802312 0.195294143321659 -0.198416326838775
3.069762724599677 0.191762877208353 -0.192290084985910
3.110154339397040 0.188080512952298 -0.185772316496593
3.150545954194405 0.184430589995783 -0.179127182211222
3.190937568991769 0.180769120447804 -0.172242804699743
3.231329183789133 0.176933277728175 -0.165049348104935
3.271720798586497 0.173401812302176 -0.157928219473707
3.312112413383862 0.169404768189935 -0.150251361123635
3.352504028181226 0.165718230801134 -0.142676446243692
3.392895642978590 0.161904272710376 -0.134872295737744
3.433287257775954 0.158120688870826 -0.126939774591231
3.473678872573319 0.154278732712257 -0.118869192137189
3.514070487370683 0.150536090917550 -0.110748910987318
3.554462102168046 0.146730910250420 -0.102509502774857
3.594853716965411 0.142955436184758 -0.094198154718599
3.635245331762774 0.139200246180393 -0.085854182236080
3.675636946560139 0.135479583914519 -0.077467529812654
3.716028561357503 0.131764400867742 -0.069062121193127
3.756420176154867 0.128106377615536 -0.060655333920725
3.796811790952232 0.124419373189915 -0.052239440192530
3.837203405749596 0.120830219698419 -0.043871846610144
3.877595020546960 0.117237207625951 -0.035527392907393
3.917986635344324 0.113693246693060 -0.027241874490263
3.958378250141688 0.110207750534625 -0.019019283158336
3.998769864939053 0.106739382224186 -0.010874806274873
4.039161479736417 0.103297722491947 -0.002814482244145
4.079553094533781 0.099970091262941 0.005133561034470
4.119944709331145 0.096592746831049 0.012979352321388
4.160336324128509 0.093385509954325 0.020700586453995
4.200727938925874 0.090070224398419 0.028278050991277
4.241119553723237 0.086988399278614 0.035738576549974
4.281511168520601 0.083796562445824 0.043030593813510
4.321902783317966 0.080764746322094 0.050166426010367
4.362294398115329 0.077705964532339 0.057143279428178
4.402686012912694 0.074758582329244 0.063926686840683
4.443077627710059 0.071822743178303 0.070562039780369
4.483469242507423 0.068980751713197 0.076980909175516
4.523860857304786 0.066150012353332 0.083240793126577
4.564252472102151 0.063417902898577 0.089278844106857
4.604644086899515 0.060677166338946 0.095118664995501
4.645035701696879 0.058067346204728 0.100776889440745
4.685427316494243 0.055431731270078 0.106204152445540
4.725818931291607 0.052910917333230 0.111414405049945
4.766210546088971 0.050389226862607 0.116429863326626
4.806602160886336 0.047975173687375 0.121217901342646
4.846993775683700 0.045552532550779 0.125788158292522
4.887385390481064 0.043243685011253 0.130149989963967
4.927777005278428 0.040915184902307 0.134254816116221
4.968168620075793 0.038720107689723 0.138228683647226
5.008560234873157 0.036469171073828 0.141807489208546
5.048951849670520 0.034374014719968 0.145350139300253
5.089343464467885 0.032228060563131 0.148504507126934
5.129735079265249 0.030217093790579 0.151568041921550
5.170126694062613 0.028169669414341 0.154289447979198
5.210518308859977 0.026241916523090 0.156872571943374
5.250909923657341 0.024287507934653 0.159154396566164
5.291301538454706 0.022442655666357 0.161264719686921
5.331693153252070 0.020575971745459 0.163100643513438
5.372084768049434 0.018810467482613 0.164726157068922
5.412476382846799 0.017028961975592 0.166127250414603
5.452867997644162 0.015341234898480 0.167275748133770
5.493259612441526 0.013638390775892 0.168215885320487
5.533651227238891 0.012027825432746 0.168909567368097
5.574042842036254 0.010398323467421 0.169351706173326
5.614434456833619 0.008864499909540 0.169631773187364
5.654826071630983 0.007306158787851 0.169573784020902
5.695217686428347 0.005842457279510 0.169354472154050
5.735609301225712 0.004357968136239 0.168885201912570
5.776000916023076 0.002963158094598 0.168171824120279
5.816392530820440 0.001548904402448 0.167216882120744
5.856784145617803 0.000224480246495 0.166043864280989
5.897175760415168 -0.001118690869364 0.164624059476498
5.937567375212533 -0.002372204845910 0.163007391899911
5.977958990009896 -0.003641828971420 0.161098438235563
6.018350604807260 -0.004820075047415 0.159012650425680
6.058742219604625 -0.006015028788921 0.156742031794989
6.099133834401989 -0.007111266965677 0.154154650242322
6.139525449199353 -0.008222308568153 0.151459626595831
6.179917063996717 -0.009233186845642 0.148518606013103
6.220308678794081 -0.010253338707029 0.145443403199749
6.260700293591446 -0.011167526082478 0.142140419437493
6.301091908388810 -0.012084727120909 0.138718451378005
6.341483523186174 -0.012897606222080 0.135178600518217
6.381875137983538 -0.013702092216459 0.131478300502151
6.422266752780902 -0.014397319632353 0.127700282835993
6.462658367578267 -0.015084079445044 0.123847866600806
6.503049982375630 -0.015656245415362 0.119937080833408
6.543441597172994 -0.016215534681718 0.115986108544653
6.583833211970359 -0.016657951065570 0.112017486996827
6.624224826767724 -0.017089146140392 0.108070034351473
6.664616441565087 -0.017399276664990 0.104115682004905
6.705008056362452 -0.017697856181436 0.100215070188283
6.745399671159816 -0.017881284784544 0.096364947825010
6.785791285957179 -0.018060537697254 0.092618133348491
6.826182900754544 -0.018115808255730 0.088881231102603
6.866574515551908 -0.018173824597182 0.085285553130840
6.906966130349272 -0.018125489989103 0.081777343699311
6.947357745146637 -0.018072240970669 0.078359777037363
6.987749359944001 -0.017921881659420 0.075056053582917
7.028140974741365 -0.017773816993390 0.071856331237358
7.068532589538728 -0.017536456562983 0.068778902690142
7.108924204336093 -0.017310022078450 0.065816311544025
7.149315819133458 -0.016992102129788 0.062942185593480
7.189707433930821 -0.016692344378024 0.060187868703114
7.230099048728186 -0.016314365457837 0.057545074316183
7.270490663525549 -0.015959367895447 0.055013613985104
7.310882278322913 -0.015523944153884 0.052561386557603
7.351273893120278 -0.015122551745078 0.050235804610231
7.391665507917642 -0.014651334277876 0.048001371996089
7.432057122715007 -0.014208579209287 0.045853360061166
7.472448737512371 -0.013692351519692 0.043765498588856
7.512840352309734 -0.013228584913949 0.041822228613840
7.553231967107099 -0.012682836786705 0.039893449285705
7.593623581904464 -0.012201339299639 0.038128909496520
7.634015196701827 -0.011635457165861 0.036355860629443
7.674406811499192 -0.011117509183933 0.034681159517774
7.714798426296555 -0.010559755817172 0.033123734978734
7.755190041093920 -0.010018271222512 0.031552753544993
7.795581655891285 -0.009440113637844 0.030097014022886
7.835973270688648 -0.008902286494020 0.028692443764187
7.876364885486012 -0.008305815217347 0.027323413718385
7.916756500283376 -0.007767046796038 0.026052443690573
7.957148115080741 -0.007161618378177 0.024781725053742
7.997539729878105 -0.006619088881692 0.023620289550145
8.037931344675469 -0.006006310886900 0.022436947082191
8.078322959472834 -0.005456409227465 0.021356108145929
8.118714574270198 -0.004849605919024 0.020297082912477
8.159106189067561 -0.004293240777777 0.019290397475477
8.199497803864926 -0.003681099757425 0.018300462349943
8.239889418662290 -0.003124663085931 0.017381819473760
8.280281033459653 -0.002511778605001 0.016474279484643
8.320672648257018 -0.001952220619869 0.015624011421171
8.361064263054381 -0.001337188400966 0.014780624211809
8.401455877851747 -0.000776400107358 0.014003589605531
8.441847492649112 -0.000159914278256 0.013225134531149
8.482239107446475 0.000403202774271 0.012506362320275
8.522630722243839 0.001020704227403 0.011788977254905
8.563022337041202 0.001587838748846 0.011137142449020
8.603413951838567 0.002206817118747 0.010467911032741
8.643805566635931 0.002774712733932 0.009860358910983
8.684197181433294 0.003398941435569 0.009256952298944
8.724588796230659 0.003967961149870 0.008691944165157
8.764980411028024 0.004596933520586 0.008139680392964
8.805372025825388 0.005172337762269 0.007624494007338
8.845763640622753 0.005800539429272 0.007108836851167
8.886155255420118 0.006379647242314 0.006637664977554
8.926546870217480 0.007014332684137 0.006167053957729
8.966938485014845 0.007602051070050 0.005738325840326
9.007330099812208 0.008242795410907 0.005305972163744
9.047721714609573 0.008828495814971 0.004909668692539
9.088113329406937 0.009476719000272 0.004515683200436
9.128504944204302 0.010073131065624 0.004156964016082
9.168896559001666 0.010720984004335 0.003794385055395
9.209288173799029 0.011337720443582 0.003472799344689
9.249679788596394 0.011983694370509 0.003139218244889
9.290071403393759 0.012603507619809 0.002846944909065
9.330463018191121 0.013269103882856 0.002546666530062
9.370854632988486 0.013882750705932 0.002280186188548
9.411246247785851 0.014573737971563 0.002010794369184
9.451637862583214 0.015189865273832 0.001770287235887
9.492029477380578 0.015880539516456 0.001525912500655
9.532421092177943 0.016517302546386 0.001312368530191
9.572812706975308 0.017210675239008 0.001091937190024
9.613204321772672 0.017864778712187 0.000902706431967
9.653595936570035 0.018568239058138 0.000705260165560
9.693987551367400 0.019225485098995 0.000538019365760
9.734379166164764 0.019941983450345 0.000362478705780
9.774770780962127 0.020616805870447 0.000216251610616
9.815162395759492 0.021329321842276 0.000060995287635
9.855554010556856 0.022035966052768 -0.000065609316651
9.895945625354221 0.022742258152815 -0.000201613323375
9.936337240151586 0.023464598114165 -0.000309945730888
9.976728854948949 0.024206548268207 -0.000428301171955
10.017120469746313 0.024899023364066 -0.000518783254312
10.057512084543678 0.025678059945972 -0.000620743865368
10.097903699341041 0.026378257296599 -0.000694902658212
10.138295314138405 0.027175792355388 -0.000781414805138
10.178686928935770 0.027874584187577 -0.000839931713956
10.219078543733133 0.028696073369108 -0.000912138719022
10.259470158530497 0.029413041986670 -0.000956577626574
10.299861773327862 0.030204718310675 -0.001013653897905
10.340253388125227 0.031006425708851 -0.001047162061300
10.380645002922591 0.031757003972347 -0.001089556892797
10.421036617719954 0.032558252079316 -0.001110155923611
10.461428232517319 0.033382208552348 -0.001142568130738
10.501819847314682 0.034163049868784 -0.001150375592050
10.542211462112046 0.034966847194970 -0.001170429004413
10.582603076909411 0.035806033191236 -0.001168869640196
10.622994691706776 0.036605874784144 -0.001177870977617
10.663386306504140 0.037434965534700 -0.001165400444855
10.703777921301505 0.038301079585147 -0.001166280100860
10.744169536098868 0.039109023155980 -0.001143220439466
10.784561150896232 0.039979820468577 -0.001134686598893
10.824952765693597 0.040755238241454 -0.001101650547359
10.865344380490960 0.041751123887634 -0.001087550447272
10.905735995288325 0.042471502674275 -0.001044501575809
10.946127610085687 0.043410349956886 -0.001020682365800
10.986519224883052 0.044259825854247 -0.000972925006833
11.026910839680419 0.045166064092980 -0.000940477122370
11.067302454477781 0.046021307171961 -0.000885426799546
11.107694069275146 0.046929080485533 -0.000845847103757
11.148085684072509 0.047751196566803 -0.000783494199536
11.188477298869874 0.048738736810800 -0.000738637320986
11.228868913667238 0.049544925839555 -0.000669733169839
11.269260528464601 0.050549524333951 -0.000618792610816
11.309652143261966 0.051347408525567 -0.000544058268074
11.350043758059330 0.052318265443048 -0.000487044840783
11.390435372856695 0.053191271136555 -0.000407802621346
11.430826987654060 0.054185044492685 -0.000345468167223
11.471218602451424 0.055015285058640 -0.000260916062810
11.511610217248787 0.055975738565811 -0.000193614827602
11.552001832046152 0.056863819046958 -0.000104842313976
11.592393446843515 0.057817584688921 -0.000033020059347
11.632785061640879 0.058712408112117 0.000059993405070
11.673176676438244 0.059666604825942 0.000135933927002
11.713568291235607 0.060564109775957 0.000232876605190
11.753959906032973 0.061518561519401 0.000312602761389
11.794351520830336 0.062416676964808 0.000413163538074
11.834743135627701 0.063370340786649 0.000496365485492
11.875134750425065 0.064267219160766 0.000600244413997
11.915526365222428 0.065218793724860 0.000686629618899
11.955917980019793 0.066112648332493 0.000793539108152
11.996309594817157 0.067060743701929 0.000882831655527
12.036701209614520 0.067949396774188 0.000992490271331
12.077092824411885 0.068893148780575 0.001084439406038
12.117484439209250 0.069773162085117 0.001196552149471
12.157876054006614 0.070714487494431 0.001290981300134
12.198267668803979 0.071575100219902 0.001405102366605
12.238659283601342 0.072600588251748 0.001503702019587
12.279050898398706 0.073369824018951 0.001618276094508
12.319442513196071 0.074307694370459 0.001717109737612
12.359834127993434 0.075141564814332 0.001834940773587
12.400225742790798 0.076121799618240 0.001936993289868
12.440617357588161 0.076960249360196 0.002057105801933
12.481008972385526 0.077785168060448 0.002157013400409
12.521400587182892 0.078629023525893 0.002278852113652
12.561792201980255 0.079640366515773 0.002386099847575
12.602183816777620 0.080274551240814 0.002503603992510
12.642575431574985 0.081229946603811 0.002610754030555
12.682967046372347 0.082081607079362 0.002736923482401
12.723358661169712 0.082717046781000 0.002835126406903
12.763750275967077 0.083839125792738 0.002972443340411
12.804141890764440 0.084242715662896 0.003063764255097
12.844533505561804 0.085440555281459 0.003206045765895
12.884925120359169 0.085777691994930 0.003295765782609
12.925316735156533 0.086982082451461 0.003440714566488
12.965708349953898 0.087322694843795 0.003531505965031
13.006099964751261 0.088344614638042 0.003671339225829
13.046491579548626 0.088922013859238 0.003773014081116
13.086883194345988 0.089559259756372 0.003898518884080
13.127274809143353 0.090499224348406 0.004017387517330
13.167666423940718 0.090914499396508 0.004134998545350
13.208058038738081 0.091612310357512 0.004244461396560
13.248449653535447 0.092400136464088 0.004380856538157
13.288841268332812 0.092895063801276 0.004482856135785
13.329232883130175 0.093476362441723 0.004611106907393
13.369624497927539 0.094088767289337 0.004720357638136
13.410016112724904 0.094630912352353 0.004848601338652
13.450407727522267 0.095291675289839 0.004962480283386
13.490799342319631 0.095672353692377 0.005084424164892
13.531190957116994 0.096224737232538 0.005194549878685
13.571582571914359 0.096668539260466 0.005321778354252
13.611974186711723 0.097155937648905 0.005430595160996
13.652365801509088 0.097556823261585 0.005557660917575
13.692757416306453 0.097993507788055 0.005665938175868
13.733149031103816 0.098343054464844 0.005792414310460
13.773540645901182 0.098729196743345 0.005900202049041
13.813932260698545 0.099020951379289 0.006025738744794
13.854323875495908 0.099361216987942 0.006133390378696
13.894715490293274 0.099574818721727 0.006256731310339
13.935107105090637 0.100001831330167 0.006372883504161
13.975498719888002 0.100038896803943 0.006487985855345
14.015890334685364 0.100291622171284 0.006595881530040
14.056281949482731 0.100367484974617 0.006716163132007
14.096673564280094 0.100685555785624 0.006831938595867
14.137065179077457 0.100597401274406 0.006944484129705
14.177456793874823 0.100770926264734 0.007053849850056
14.217848408672186 0.100850590935915 0.007181666575941
14.258240023469549 0.100732184436866 0.007274210641537
14.298631638266915 0.100801292693765 0.007405020160209
14.339023253064278 0.100726281150894 0.007504708552700
14.379414867861643 0.100496188798519 0.007617332911687
14.419806482659009 0.100623685732179 0.007736654602700
14.460198097456372 0.100170814106597 0.007836533547956
14.500589712253735 0.100208719617824 0.007953725633061
14.540981327051098 0.099838115210303 0.008064610626340
14.581372941848464 0.099512346796251 0.008157533333890
14.621764556645827 0.099434504942518 0.008297453588647
14.662156171443190 0.098827688378530 0.008372438663857
14.702547786240556 0.098473527374923 0.008494251318952
14.742939401037921 0.098278126211403 0.008610083696345
14.783331015835284 0.097542321837068 0.008704930407883
14.823722630632650 0.097125862789656 0.008806980248754
14.864114245430013 0.096532300990953 0.008920168462250
14.904505860227376 0.096045561446808 0.009022691933904
14.944897475024742 0.095376004769745 0.009135722653393
14.985289089822105 0.094674627501468 0.009224812038410
15.025680704619468 0.093941298047777 0.009338419711955
15.066072319416834 0.093212918333188 0.009432051771070
15.106463934214197 0.092380541928164 0.009543334700135
15.146855549011562 0.091565697198729 0.009636001655866
15.187247163808928 0.090637895536849 0.009745354458529
15.227638778606291 0.089738878836020 0.009837473173056
15.268030393403654 0.088696861764074 0.009942807507259
15.308422008201017 0.087825269565919 0.010047453809448
15.348813622998383 0.086622455017828 0.010144014486568
15.389205237795746 0.085530422353385 0.010232612618124
15.429596852593109 0.084314794658631 0.010336572780720
15.469988467390476 0.083173708869034 0.010429455073858
15.510380082187840 0.081993727156934 0.010549307468299
15.550771696985203 0.080535617576985 0.010613006369954
15.591163311782569 0.079219913364602 0.010725410441925
15.631554926579932 0.078001998495656 0.010833757730973
15.671946541377295 0.076190474493071 0.010889186143870
15.712338156174662 0.075210186610118 0.011045500067859
15.752729770972024 0.073105347132112 0.011068905276574
15.793121385769387 0.072074299472014 0.011234357471517
15.833513000566752 0.069940427129836 0.011263711583692
15.873904615364118 0.068650435429110 0.011405817691817
15.914296230161481 0.066690075482463 0.011476239889161
15.954687844958844 0.064919190693272 0.011553560905489
15.995079459756210 0.063271395537529 0.011694452324990
16.035471074553573 0.061240525091756 0.011743057495695
16.075862689350938 0.059324873130020 0.011850710686673
16.116254304148303 0.057378568500504 0.011931541065898
16.156645918945667 0.055397910573742 0.012047000536904
16.197037533743028 0.053332924999597 0.012123947435284
16.237429148540397 0.051164181137116 0.012218641398944
16.277820763337758 0.049040267850191 0.012302368852971
16.318212378135122 0.046804627146871 0.012403365976208
16.358603992932487 0.044579521460877 0.012485608277641
16.398995607729852 0.042247265436810 0.012585901109507
16.439387222527216 0.039927041956265 0.012667733848329
16.479778837324581 0.037494649658300 0.012765328007887
16.520170452121945 0.035116377066173 0.012859907601250
16.560562066919307 0.032588457724801 0.012958872351408
16.600953681716671 0.030056445849462 0.013029441516009
16.641345296514036 0.027449492079064 0.013129383030872
16.681736911311400 0.024872236268231 0.013218256905464
16.722128526108762 0.022206297579944 0.013342551106234
16.762520140906130 0.019451971229603 0.013377986608669
16.802911755703494 0.016735527785388 0.013527224879747
16.843303370500855 0.013928344169230 0.013584308966013
16.883694985298224 0.011071963275869 0.013693846836494
16.924086600095585 0.008219136703471 0.013783625760319
16.964478214892949 0.005266601013052 0.013889517336697
17.004869829690314 0.002329529385936 0.013950576557761
17.045261444487679 -0.000701423138279 0.014111050037236
17.085653059285040 -0.003716974557002 0.014142619474276
17.126044674082404 -0.006811456392058 0.014259400086387
17.166436288879769 -0.009943654079865 0.014395778171930
17.206827903677134 -0.013094142639535 0.014455293047198
17.247219518474498 -0.016266493910231 0.014558494589967
17.287611133271863 -0.019521484543896 0.014668565967879
17.328002748069228 -0.022761584796241 0.014764337255793
17.368394362866589 -0.026089125918986 0.014877794682142
17.408785977663957 -0.029395400930834 0.014973354460361
17.449177592461318 -0.032787223465328 0.015088029059432
17.489569207258683 -0.036153391952399 0.015184181284178
17.529960822056047 -0.039600379785326 0.015299249493156
17.570352436853412 -0.043021828381811 0.015397192913162
17.610744051650776 -0.046499346116581 0.015507511774822
17.651135666448141 -0.050086315530613 0.015643250533198
17.691527281245506 -0.053617163331404 0.015752042815381
17.731918896042867 -0.057009152414032 0.015820149513241
17.772310510840235 -0.060843199520178 0.016005498957058
17.812702125637596 -0.064275395711041 0.016074061851492
17.853093740434961 -0.067981804904452 0.016216240944826
17.893485355232325 -0.071537511573123 0.016313108775498
17.933876970029690 -0.075392746094314 0.016480594502946
17.974268584827055 -0.078841532187501 0.016550610310428
18.014660199624416 -0.082782703849140 0.016731271685655
18.055051814421784 -0.086408108483885 0.016834994468158
18.095443429219145 -0.090083622759665 0.016960323797692
18.135835044016510 -0.093919939217742 0.017105032899591
18.176226658813874 -0.097590228313649 0.017229475786629
18.216618273611239 -0.101501719304662 0.017386593627418
18.257009888408604 -0.105138743221982 0.017507130549154
18.297401503205968 -0.108965814674688 0.017651870546160
18.337793118003333 -0.112833444586004 0.017813177606174
18.378184732800694 -0.116505470518757 0.017935923886782
18.418576347598059 -0.120503292745350 0.018120562947336
18.458967962395423 -0.124021832122348 0.018225491345570
18.499359577192788 -0.128122203485402 0.018429572932847
18.539751191990149 -0.131695554832601 0.018548741963517
18.580142806787517 -0.135615235584372 0.018732368318169
18.620534421584878 -0.139363523238914 0.018883373183828
18.660926036382243 -0.143174103301687 0.019058519391638
18.701317651179611 -0.146801391408770 0.019201960063208
18.741709265976972 -0.150964855533638 0.019430623490567
18.782100880774337 -0.154286184030234 0.019543157831150
18.822492495571701 -0.158235002081204 0.019753573543875
18.862884110369066 -0.161950656075874 0.019926062631748
18.903275725166427 -0.165718263485774 0.020122922553614
18.943667339963795 -0.169363051138598 0.020297239146885
18.984058954761156 -0.173039009479270 0.020494019414517
19.024450569558521 -0.176585492016010 0.020668484235979
19.064842184355886 -0.180432782262422 0.020897031119415
19.105233799153250 -0.183983803601068 0.021083643556102
19.145625413950615 -0.187311217714352 0.021265294751440
19.186017028747976 -0.191355047642905 0.021520803410746
19.226408643545344 -0.194332107009065 0.021676549179970
19.266800258342705 -0.198398384621688 0.021947513298397
19.307191873140070 -0.201313167497101 0.022111199805765
19.347583487937435 -0.205109170042055 0.022366323741700
19.387975102734799 -0.208329231094742 0.022578744799808
19.428366717532164 -0.211676285353786 0.022799855780302
19.468758332329529 -0.215010944169000 0.023040529975002
19.509149947126893 -0.218430391995895 0.023284922869556
19.549541561924254 -0.221381797722634 0.023500945214310
19.589933176721622 -0.224824849251973 0.023764287598526
19.630324791518984 -0.227642102363599 0.023983203991389
19.670716406316348 -0.231053252173015 0.024260137677259
19.711108021113713 -0.233870620536459 0.024496609100199
19.751499635911077 -0.236693032486258 0.024729565730435
19.791891250708442 -0.239949423723183 0.025030087184397
19.832282865505803 -0.242887589064582 0.025293229400924
19.872674480303171 -0.245094059461665 0.025502960203813
19.913066095100532 -0.248361908652740 0.025819327115813
19.953457709897897 -0.250980276467115 0.026090969364106
19.993849324695262 -0.253386879538361 0.026337081429914
20.034240939492626 -0.255951573855181 0.026622684672933
20.074632554289987 -0.258539830930836 0.026907414025450
20.115024169087356 -0.261136999903069 0.027216416821844
20.155415783884720 -0.263126978416137 0.027459002792342
20.195807398682081 -0.265419974929903 0.027756472217018
20.236199013479450 -0.267816637240011 0.028061983955391
20.276590628276811 -0.269975793221327 0.028366243232472
20.316982243074175 -0.271741519214970 0.028626350114339
20.357373857871540 -0.273620887280472 0.028921682834958
20.397765472668905 -0.276121223146813 0.029280534314994
20.438157087466266 -0.277334720026110 0.029526600549695
20.478548702263630 -0.278998338104430 0.029817461192382
20.518940317060995 -0.281087948932918 0.030177940417539
20.559331931858360 -0.282346598526759 0.030447085562632
20.599723546655724 -0.283528720766848 0.030730823565988
20.640115161453089 -0.285460007258421 0.031093868772354
20.680506776250454 -0.286369016261968 0.031369376685421
20.720898391047815 -0.287207289500101 0.031633760212714
20.761290005845183 -0.289252647458156 0.032055372885162
20.801681620642544 -0.289192052324243 0.032241471814242
20.842073235439909 -0.290612065079311 0.032614368547520
20.882464850237273 -0.291414781500169 0.032917446469033
20.922856465034638 -0.291535661939615 0.033164375166532
20.963248079832002 -0.293126738827452 0.033577874735066
21.003639694629364 -0.292301822306986 0.033735705854502
21.044031309426732 -0.294061098121511 0.034189932394711
21.084422924224093 -0.292948614787418 0.034331971630691
21.124814539021457 -0.294360727596910 0.034766917120487
21.165206153818822 -0.293212187924178 0.034921139880477
21.205597768616187 -0.294324099969084 0.035341222061762
21.245989383413551 -0.292913285017368 0.035479548930149
21.286380998210916 -0.293949223093119 0.035910426156409
21.326772613008281 -0.292171804837717 0.036018613236859
21.367164227805642 -0.292983643616645 0.036440750506759
21.407555842603010 -0.291254363922097 0.036568608282142
21.447947457400371 -0.291167750468596 0.036895138252878
21.488339072197736 -0.290148161250401 0.037125761344413
21.528730686995100 -0.288763399473046 0.037300937140872
21.569122301792465 -0.288571575458419 0.037651232391563
21.609513916589830 -0.286436998228700 0.037741176516171
21.649905531387194 -0.285498988818482 0.038004606221077
21.690297146184559 -0.284249439686857 0.038221593290973
21.730688760981920 -0.282190788781178 0.038344967809592
21.771080375779285 -0.280798236504387 0.038550103816568
21.811471990576649 -0.279127064838778 0.038733724667346
21.851863605374014 -0.276807430463979 0.038817346614565
21.892255220171375 -0.274833080167871 0.038961877978318
21.932646834968743 -0.273096837742281 0.039131897215414
21.973038449766104 -0.270282233817945 0.039159297871853
22.013430064563469 -0.267893635249415 0.039234832501818
22.053821679360837 -0.265665772231719 0.039346028556605
22.094213294158198 -0.262673421568612 0.039330729586287
22.134604908955563 -0.260209210005983 0.039403067401315
22.174996523752927 -0.256955824163334 0.039341664943619
22.215388138550292 -0.253992542490140 0.039329616546489
22.255779753347653 -0.251142950014500 0.039320983558243
22.296171368145018 -0.247479604301124 0.039188522324360
22.336562982942382 -0.244261587041090 0.039107830029978
22.376954597739747 -0.240735866190778 0.038980427094081
22.417346212537112 -0.237162922495878 0.038825505357774
22.457737827334476 -0.233117111892505 0.038591641695793
22.498129442131841 -0.229473618828747 0.038401574809723
22.538521056929202 -0.225585682620428 0.038168812024557
22.578912671726570 -0.221238896514006 0.037832846531866
22.619304286523931 -0.217064088327486 0.037519182445941
22.659695901321296 -0.212700183375311 0.037145612567311
22.700087516118661 -0.208257896643300 0.036748524269895
22.740479130916025 -0.203899182674985 0.036336838107466
22.780870745713390 -0.198964135231635 0.035809244862215
22.821262360510755 -0.194192351280548 0.035276544410120
22.861653975308119 -0.189315248719114 0.034708484226122
22.902045590105480 -0.184248979562727 0.034068605994180
22.942437204902848 -0.179426144876273 0.033454131927864
22.982828819700210 -0.173882158119124 0.032664728805700
23.023220434497574 -0.168657063019916 0.031909715781459
23.063612049294935 -0.163152073080089 0.031057894520739
23.104003664092303 -0.157830991962399 0.030212091375431
23.144395278889668 -0.152113020248639 0.029242514447026
23.184786893687029 -0.146352341027205 0.028230510187900
23.225178508484397 -0.140481240844096 0.027144837513218
23.265570123281758 -0.134851338118608 0.026067107874181
23.305961738079123 -0.128656626971776 0.024823184278818
23.346353352876488 -0.122576336179634 0.023557721596313
23.386744967673852 -0.116546549951023 0.022240075750897
23.427136582471213 -0.110313926179835 0.020833759437534
23.467528197268582 -0.103812531605535 0.019311215743825
23.507919812065946 -0.097779402228715 0.017819622577800
23.548311426863307 -0.091001775382136 0.016119654533798
23.588703041660672 -0.084704959981928 0.014446321620056
23.629094656458037 -0.078012531629887 0.012624568396740
23.669486271255401 -0.071447702986651 0.010759107610773
23.709877886052762 -0.064686298236677 0.008778304847477
23.750269500850131 -0.058043484581445 0.006740628694635
23.790661115647492 -0.051095038865207 0.004577739071056
23.831052730444856 -0.044453059336586 0.002363134890635
23.871444345242221 -0.037411578243731 0.000019150035156
23.911835960039586 -0.030567875237591 -0.002389339442070
23.952227574836950 -0.023598610942553 -0.004914512041730
23.992619189634315 -0.016661337811270 -0.007534235435173
24.033010804431679 -0.009608219038917 -0.010233282065663
24.073402419229041 -0.002635129561974 -0.013064674344083
24.113794034026409 0.004420110463142 -0.015959096049446
24.154185648823770 0.011441383780209 -0.018996729668419
24.194577263621134 0.018492172745538 -0.022099755133367
24.234968878418499 0.025555289367805 -0.025364476934218
