0.000000000000000 0.000000000000000 -0.121420451250461
0.014203323540813 0.000000000000000 -0.118686768975999
0.028406647081627 0.000000000000000 -0.115952209480665
0.042609970622440 0.000000000000000 -0.113217854461392
0.056813294163253 0.000000000000000 -0.110485165216945
0.071016617704067 0.000000000000000 -0.107755755328672
0.085219941244880 0.000000000000000 -0.105031061559017
0.099423264785694 0.000000000000000 -0.102312771143214
0.113626588326507 0.000000000000000 -0.099602631205855
0.127829911867320 0.000000000000000 -0.096902241103982
0.142033235408134 0.000000000000000 -0.094213517260956
0.156236558948947 0.000000000000000 -0.091538153664216
0.170439882489760 0.000000000000000 -0.088878236032904
0.184643206030574 0.000000000000000 -0.086235392688795
0.198846529571387 0.000000000000000 -0.083611513666019
0.213049853112201 0.000000000000000 -0.081009302388247
0.227253176653014 0.000000000000000 -0.078429573012213
0.241456500193827 0.000000000000000 -0.075874964070459
0.255659823734641 0.000000000000000 -0.073347418568458
0.269863147275454 0.000000000000000 -0.070848540850547
0.284066470816267 0.000000000000000 -0.068380141026931
0.298269794357081 0.000000000000000 -0.065943866290332
0.312473117897894 0.000000000000000 -0.063541772682306
0.326676441438707 0.000000000000000 -0.061174724889717
0.340879764979521 0.000000000000000 -0.058844647610515
0.355083088520334 0.000000000000000 -0.056552134405943
0.369286412061148 0.000000000000000 -0.054298796888277
0.383489735601961 0.000000000000000 -0.052085012704745
0.397693059142774 0.000000000000000 -0.049911736392353
0.411896382683588 0.000000000000000 -0.047779291723676
0.426099706224401 0.000000000000000 -0.045688042347648
0.440303029765214 0.000000000000000 -0.043637862930485
0.454506353306028 0.000000000000000 -0.041628965796901
0.468709676846841 0.000000000000000 -0.039660660458766
0.482913000387655 0.000000000000000 -0.037732939217608
0.497116323928468 0.000000000000000 -0.035845065182384
0.511319647469281 0.000000000000000 -0.033996258795298
0.525522971010095 0.000000000000000 -0.032185635168646
0.539726294550908 0.000000000000000 -0.030412455764721
0.553929618091721 0.000000000000000 -0.028675399542028
0.568132941632535 0.000000000000000 -0.026973597967438
0.582336265173348 0.000000000000000 -0.025305651050404
0.596539588714161 0.000000000000000 -0.023670516386428
0.610742912254975 0.000000000000000 -0.022066786335719
0.624946235795788 0.000000000000000 -0.020493336033425
0.639149559336602 0.000000000000000 -0.018948677832148
0.653352882877415 0.000000000000000 -0.017431556836374
0.667556206418228 0.000000000000000 -0.015940604191188
0.681759529959042 0.000000000000000 -0.014474642377084
0.695962853499855 0.000000000000000 -0.013032022748888
0.710166177040668 0.000000000000000 -0.011611988502446
0.724369500581482 0.000000000000000 -0.010212637971568
0.738572824122295 0.000000000000000 -0.008833375558755
0.752776147663109 0.000000000000000 -0.007472249429001
0.766979471203922 0.000000000000000 -0.006128854862976
0.781182794744735 0.000000000000000 -0.004801450096727
0.795386118285549 0.000000000000000 -0.003488998523287
0.809589441826362 0.000000000000000 -0.002190526842469
0.823792765367175 0.000000000000000 -0.000904952724168
0.837996088907989 0.000000000000000 0.000369008171585
0.852199412448802 0.000000000000000 0.001631685560115
0.866402735989615 0.000000000000000 0.002885053354223
0.880606059530429 0.000000000000000 0.004129142770105
0.894809383071242 0.000000000000000 0.005365533451578
0.909012706612056 0.000000000000000 0.006594372344487
0.923216030152869 0.000000000000000 0.007817371355341
0.937419353693682 0.000000000000000 0.009034659900223
0.951622677234496 0.000000000000000 0.010247185691821
0.965826000775309 0.000000000000000 0.011455740567990
0.980029324316122 0.000000000000000 0.012661468813885
0.994232647856936 0.000000000000000 0.013863896994567
1.008435971397749 0.000000000000000 0.015065190319592
1.022639294938563 0.000000000000000 0.016264651042748
1.036842618479376 0.000000000000000 0.017463760789830
1.051045942020189 0.000000000000000 0.018662664702750
1.065249265561003 0.000000000000000 0.019861996233717
1.079452589101816 0.000000000000000 0.021062182999110
1.093655912642630 0.000000000000000 0.022264494287674
1.107859236183443 0.000000000000000 0.023468127286536
1.122062559724256 0.000000000000000 0.024674538258691
1.136265883265069 0.000000000000000 0.025883613408681
1.150469206805883 0.000000000000000 0.027096138108108
1.164672530346696 0.000000000000000 0.028312570652204
1.178875853887509 0.000000000000000 0.029532533215663
1.193079177428323 0.000000000000000 0.030757439991836
1.207282500969136 0.000000000000000 0.031986709466621
1.221485824509950 0.000000000000000 0.033221343107621
1.235689148050763 0.000000000000000 0.034461418140066
1.249892471591576 0.000000000000000 0.035706886151160
1.264095795132390 0.000000000000000 0.036958561398436
1.278299118673203 0.000000000000000 0.038216092130502
1.292502442214017 0.000000000000000 0.039480154677395
1.306705765754830 0.000000000000000 0.040751239244664
1.320909089295643 0.000000000000000 0.042028726980173
1.335112412836457 0.000000000000000 0.043313255604106
1.349315736377270 0.000000000000000 0.044605296468690
1.363519059918083 0.000000000000000 0.045904097222196
1.377722383458897 0.000000000000000 0.047211208737670
1.391925706999710 0.000000000000000 0.048525051807919
1.406129030540523 0.000000000000000 0.049847398114232
1.420332354081337 0.000000000000000 0.051177568752222
1.434535677622150 0.000000000000000 0.052515049431386
1.448739001162964 0.000000000000000 0.053861087996378
1.462942324703777 0.000000000000000 0.055214749803307
1.477145648244590 0.000000000000000 0.056577976418938
1.491348971785404 0.000000000000000 0.057947610717373
1.505552295326217 0.000000000000000 0.059325979749907
1.519755618867030 0.000000000000000 0.060713233638410
1.533958942407844 0.000000000000000 0.062108938496078
1.548162265948657 0.000000000000000 0.063511734845333
1.562365589489471 0.000000000000000 0.064923230413052
1.576568913030284 0.000000000000000 0.066343216645200
1.590772236571097 0.000000000000000 0.067772023227508
1.604975560111911 0.000000000000000 0.069208463522581
1.619178883652724 0.000000000000000 0.070652592500643
1.633382207193537 0.000000000000000 0.072104773798556
1.647585530734351 0.000000000000000 0.073565392153326
1.661788854275164 0.000000000000000 0.075034510273700
1.675992177815977 0.000000000000000 0.076510843121557
1.690195501356791 0.000000000000000 0.077995324611082
1.704398824897604 0.000000000000000 0.079486609318084
1.718602148438418 0.000000000000000 0.080985874431352
1.732805471979231 0.000000000000000 0.082492358617365
1.747008795520044 0.000000000000000 0.084007378296137
1.761212119060858 0.000000000000000 0.085527564709734
1.775415442601671 0.000000000000000 0.087057113050142
1.789618766142484 0.000000000000000 0.088591985383090
1.803822089683298 0.000000000000000 0.090133545763211
1.818025413224111 0.000000000000000 0.091682129554799
1.832228736764924 0.000000000000000 0.093237342804734
1.846432060305738 0.000000000000000 0.094797745117398
1.860635383846551 0.000000000000000 0.096364962919443
1.874838707387364 0.000000000000000 0.097939454204647
1.889042030928178 0.000000000000000 0.099516257811706
1.903245354468991 0.000000000000000 0.101101112791904
1.917448678009805 0.000000000000000 0.102689528367933
1.931652001550618 0.000000000000000 0.104284819208508
1.945855325091431 0.000000000000000 0.105883274575232
1.960058648632245 0.000000000000000 0.107487969547886
1.974261972173058 0.000000000000000 0.109094960655411
1.988465295713872 0.000000000000000 0.110707912382933
2.002668619254685 0.000000000000000 0.112321647764280
2.016871942795499 0.000000000000000 0.113943245996898
2.031075266336312 0.000000000000000 0.115565035782923
2.045278589877125 0.000000000000000 0.117191131559215
2.059481913417939 0.000000000000000 0.118819509317233
2.073685236958752 0.000000000000000 0.120450112585093
2.087888560499565 0.000000000000000 0.122085623291258
2.102091884040379 0.000000000000000 0.123718458624264
2.116295207581192 0.000000000000000 0.125356382807315
2.130498531122005 0.000000000000000 0.126993973384135
2.144701854662819 0.000000000000000 0.128634939885660
2.158905178203632 0.000000000000000 0.130273760569931
2.173108501744445 0.000000000000000 0.131915593026394
2.187311825285259 0.000000000000000 0.133556294880355
2.201515148826072 0.000000000000000 0.135197562957490
2.215718472366885 0.000000000000000 0.136836381079804
2.229921795907699 0.000000000000000 0.138476368838990
2.244125119448512 0.000000000000000 0.140115271463571
2.258328442989325 0.000000000000000 0.141751787611535
2.272531766530139 0.000000000000000 0.143386547963278
2.286735090070952 0.000000000000000 0.145020987239648
2.300938413611766 0.000000000000000 0.146649930489448
2.315141737152579 0.000000000000000 0.148278382413249
2.329345060693393 0.000000000000000 0.149904211966895
2.343548384234206 0.000000000000000 0.151524934595045
2.357751707775019 0.000000000000000 0.153142249987142
2.371955031315832 0.000000000000000 0.154755622644441
2.386158354856646 0.000000000000000 0.156364419945029
2.400361678397459 0.000000000000000 0.157968504674482
2.414565001938273 0.000000000000000 0.159567020888493
2.428768325479086 0.000000000000000 0.161159636440271
2.442971649019899 0.000000000000000 0.162747081611471
2.457174972560713 0.000000000000000 0.164330620384913
2.471378296101526 0.000000000000000 0.165900777292353
2.485581619642339 0.000000000000000 0.167471013285760
2.499784943183153 0.000000000000000 0.169029634243177
2.513988266723966 0.000000000000000 0.170581461455182
2.528191590264779 0.000000000000000 0.172127401639275
2.542394913805593 0.000000000000000 0.173659633039094
2.556598237346406 0.000000000000000 0.175189166926194
2.570801560887220 0.000000000000000 0.176705023386127
2.585004884428033 0.000000000000000 0.178212946654880
2.599208207968847 0.000000000000000 0.179709640886105
2.613411531509660 0.000000000000000 0.181197790837753
2.627614855050473 0.000000000000000 0.182673863578525
2.641818178591286 0.000000000000000 0.184140342909681
2.656021502132100 0.000000000000000 0.185593832070728
2.670224825672913 0.000000000000000 0.187036864444250
2.684428149213727 0.000000000000000 0.188465796276470
2.698631472754540 0.000000000000000 0.189883724447004
2.712834796295354 0.000000000000000 0.191285784843217
2.727038119836167 0.000000000000000 0.192678437745773
2.741241443376980 0.000000000000000 0.194056700373028
2.755444766917793 0.000000000000000 0.195417413299088
2.769648090458607 0.000000000000000 0.196767585545690
2.783851413999420 0.000000000000000 0.198100970796583
2.798054737540234 0.000000000000000 0.199418685170790
2.812258061081047 0.000000000000000 0.200723703455512
2.826461384621860 0.000000000000000 0.202007894988390
2.840664708162674 0.000000000000000 0.203280376325738
2.854868031703487 0.000000000000000 0.204535190247366
2.869071355244300 0.000000000000000 0.205770962162794
2.883274678785114 0.000000000000000 0.206989882994409
2.897478002325927 0.000000000000000 0.208192567267201
2.911681325866740 0.000000000000000 0.209377678809065
2.925884649407554 0.000000000000000 0.210541625555220
2.940087972948367 0.000000000000000 0.211687590021538
2.954291296489181 0.000000000000000 0.212815219663191
2.968494620029994 0.000000000000000 0.213925133957850
2.982697943570807 0.000000000000000 0.215009731785136
2.996901267111621 0.000000000000000 0.216079683592529
3.011104590652434 0.000000000000000 0.217127097331447
3.025307914193248 0.000000000000000 0.218152183905040
3.039511237734061 0.000000000000000 0.219158548040214
3.053714561274874 0.000000000000000 0.220141358149948
3.067917884815688 0.000000000000000 0.221103370577399
3.082121208356501 0.000000000000000 0.222043447415866
3.096324531897315 0.000000000000000 0.222959494171860
3.110527855438128 0.000000000000000 0.223855058817952
3.124731178978941 0.000000000000000 0.224724949900872
3.138934502519755 0.000000000000000 0.225573009269829
3.153137826060568 0.000000000000000 0.226397753261711
3.167341149601381 0.000000000000000 0.227196773630320
3.181544473142195 0.000000000000000 0.227972053515199
3.195747796683008 0.000000000000000 0.228723008015987
3.209951120223821 0.000000000000000 0.229449508901128
3.224154443764634 0.000000000000000 0.230149835485655
3.238357767305448 0.000000000000000 0.230824979881847
3.252561090846261 0.000000000000000 0.231474159603074
3.266764414387075 0.000000000000000 0.232097271971434
3.280967737927888 0.000000000000000 0.232694300291994
3.295171061468702 0.000000000000000 0.233265156523587
3.309374385009515 0.000000000000000 0.233807999020448
3.323577708550328 0.000000000000000 0.234324269674421
3.337781032091141 0.000000000000000 0.234813270306212
3.351984355631955 0.000000000000000 0.235274696981632
3.366187679172768 0.000000000000000 0.235707644128626
3.380391002713582 0.000000000000000 0.236113248359792
3.394594326254395 0.000000000000000 0.236490312004299
3.408797649795209 0.000000000000000 0.236838413565546
3.423000973336022 0.000000000000000 0.237158081888694
3.437204296876835 0.000000000000000 0.237448369940578
3.451407620417648 0.000000000000000 0.237709940265933
3.465610943958462 0.000000000000000 0.237941842090410
3.479814267499275 0.000000000000000 0.238143832108122
3.494017591040088 0.000000000000000 0.238316554028626
3.508220914580902 0.000000000000000 0.238458651951317
3.522424238121716 0.000000000000000 0.238571061057362
3.536627561662529 0.000000000000000 0.238652595025538
3.550830885203342 0.000000000000000 0.238703995264979
3.565034208744156 0.000000000000000 0.238724266189429
3.579237532284969 0.000000000000000 0.238714027947996
3.593440855825782 0.000000000000000 0.238672349628519
3.607644179366596 0.000000000000000 0.238599853173899
3.621847502907409 0.000000000000000 0.238495609396277
3.636050826448222 0.000000000000000 0.238360279316416
3.650254149989036 0.000000000000000 0.238192864285735
3.664457473529849 0.000000000000000 0.237994126838915
3.678660797070663 0.000000000000000 0.237763091718875
3.692864120611476 0.000000000000000 0.237500539727907
3.707067444152289 0.000000000000000 0.237205418614252
3.721270767693102 0.000000000000000 0.236878536937288
3.735474091233916 0.000000000000000 0.236518672995344
3.749677414774729 0.000000000000000 0.236127584024665
3.763880738315543 0.000000000000000 0.235702735590168
3.778084061856356 0.000000000000000 0.235246178936887
3.792287385397169 0.000000000000000 0.234756325745959
3.806490708937983 0.000000000000000 0.234234292833467
3.820694032478797 0.000000000000000 0.233679683776421
3.834897356019609 0.000000000000000 0.233091508054181
3.849100679560423 0.000000000000000 0.232471087821127
3.863304003101236 0.000000000000000 0.231816973492420
3.877507326642049 0.000000000000000 0.231131127690419
3.891710650182863 0.000000000000000 0.230411885132926
3.905913973723677 0.000000000000000 0.229659138281674
3.920117297264489 0.000000000000000 0.228873474408370
3.934320620805303 0.000000000000000 0.228055435480194
3.948523944346117 0.000000000000000 0.227204416376752
3.962727267886930 0.000000000000000 0.226319177962062
3.976930591427743 0.000000000000000 0.225401663060462
3.991133914968557 0.000000000000000 0.224451925459438
4.005337238509370 0.000000000000000 0.223468215906569
4.019540562050183 0.000000000000000 0.222452604126757
4.033743885590997 0.000000000000000 0.221401327328685
4.047947209131809 0.000000000000000 0.220321801291327
4.062150532672623 0.000000000000000 0.219205338910630
4.076353856213437 0.000000000000000 0.218059256661113
4.090557179754250 0.000000000000000 0.216877152316027
4.104760503295063 0.000000000000000 0.215666006157407
4.118963826835877 0.000000000000000 0.214418957437418
4.133167150376690 0.000000000000000 0.213144310156033
4.147370473917504 0.000000000000000 0.211830543274885
4.161573797458317 0.000000000000000 0.210489801741691
4.175777120999130 0.000000000000000 0.209114678530610
4.189980444539944 0.000000000000000 0.207708615101683
4.204183768080758 0.000000000000000 0.206269246058542
4.218387091621571 0.000000000000000 0.204799356859629
4.232590415162384 0.000000000000000 0.203298254479824
4.246793738703198 0.000000000000000 0.201761522708946
4.260997062244011 0.000000000000000 0.200198772131538
4.275200385784824 0.000000000000000 0.198602287883890
4.289403709325637 0.000000000000000 0.196975890893591
4.303607032866450 0.000000000000000 0.195316416651380
4.317810356407264 0.000000000000000 0.193626396440598
4.332013679948077 0.000000000000000 0.191906999321593
4.346217003488890 0.000000000000000 0.190157026769379
4.360420327029704 0.000000000000000 0.188376531542120
4.374623650570518 0.000000000000000 0.186563932768633
4.388826974111331 0.000000000000000 0.184724519044759
4.403030297652144 0.000000000000000 0.182853586025154
4.417233621192958 0.000000000000000 0.180956411390802
4.431436944733771 0.000000000000000 0.179027023399844
4.445640268274585 0.000000000000000 0.177068344827202
4.459843591815398 0.000000000000000 0.175078765993119
4.474046915356211 0.000000000000000 0.173070409350206
4.488250238897025 0.000000000000000 0.171018831751003
4.502453562437839 0.000000000000000 0.168954269277682
4.516656885978651 0.000000000000000 0.166849804758085
4.530860209519465 0.000000000000000 0.164724339362971
4.545063533060278 0.000000000000000 0.162570060716011
4.559266856601091 0.000000000000000 0.160387141377126
4.573470180141904 0.000000000000000 0.158182576778506
4.587673503682717 0.000000000000000 0.155939785795296
4.601876827223531 0.000000000000000 0.153689094798375
4.616080150764345 0.000000000000000 0.151392946772587
4.630283474305158 0.000000000000000 0.149085562915754
4.644486797845971 0.000000000000000 0.146747485369714
4.658690121386785 0.000000000000000 0.144383157493846
4.672893444927598 0.000000000000000 0.141992410137967
4.687096768468411 0.000000000000000 0.139585776714069
4.701300092009225 0.000000000000000 0.137148422930724
4.715503415550038 0.000000000000000 0.134687898932815
4.729706739090852 0.000000000000000 0.132199537310402
4.743910062631665 0.000000000000000 0.129698159307099
4.758113386172478 0.000000000000000 0.127166096273677
4.772316709713292 0.000000000000000 0.124617968333361
4.786520033254106 0.000000000000000 0.122041442149248
4.800723356794919 0.000000000000000 0.119448786254619
4.814926680335732 0.000000000000000 0.116829069463317
4.829130003876545 0.000000000000000 0.114193661197192
4.843333327417358 0.000000000000000 0.111532248989583
4.857536650958172 0.000000000000000 0.108855811222488
4.871739974498985 0.000000000000000 0.106154278682507
4.885943298039798 0.000000000000000 0.103438541790234
4.900146621580612 0.000000000000000 0.100698507526233
4.914349945121426 0.000000000000000 0.097945227453066
4.928553268662238 0.000000000000000 0.095168333573524
4.942756592203052 0.000000000000000 0.092379305396288
4.956959915743866 0.000000000000000 0.089567192660115
4.971163239284679 0.000000000000000 0.086744292573107
4.985366562825492 0.000000000000000 0.083898329738887
4.999569886366306 0.000000000000000 0.081041286309356
5.013773209907119 0.000000000000000 0.078159998979788
5.027976533447933 0.000000000000000 0.075272016666868
5.042179856988746 0.000000000000000 0.072361233466578
5.056383180529559 0.000000000000000 0.069450296059447
5.070586504070373 0.000000000000000 0.066507219981958
5.084789827611186 0.000000000000000 0.063560040767547
5.098993151151999 0.000000000000000 0.060599452455755
5.113196474692812 0.000000000000000 0.057623733720715
5.127399798233626 0.000000000000000 0.054635779254448
5.141603121774439 0.000000000000000 0.051638449414441
5.155806445315252 0.000000000000000 0.048626200227006
5.170009768856066 0.000000000000000 0.045605034333103
5.184213092396879 0.000000000000000 0.042571664722561
5.198416415937693 0.000000000000000 0.039530844444516
5.212619739478506 0.000000000000000 0.036479164113945
5.226823063019319 0.000000000000000 0.033413684857581
5.241026386560133 0.000000000000000 0.030346782988611
5.255229710100947 0.000000000000000 0.027265687856819
5.269433033641760 0.000000000000000 0.024180723785560
5.283636357182573 0.000000000000000 0.021084936026694
5.297839680723387 0.000000000000000 0.017982478537760
5.312043004264200 0.000000000000000 0.014880325773162
5.326246327805013 0.000000000000000 0.011763872234640
5.340449651345827 0.000000000000000 0.008646337331148
5.354652974886640 0.000000000000000 0.005524615181274
5.368856298427453 0.000000000000000 0.002393355368234
5.383059621968266 0.000000000000000 -0.000738290776122
5.397262945509079 0.000000000000000 -0.003874784998220
5.411466269049893 0.000000000000000 -0.007010129282904
5.425669592590707 0.000000000000000 -0.010152456571028
5.439872916131520 0.000000000000000 -0.013297446898470
5.454076239672333 0.000000000000000 -0.016440803909479
5.468279563213147 0.000000000000000 -0.019585204274252
5.482482886753960 0.000000000000000 -0.022733339083354
5.496686210294774 0.000000000000000 -0.025880763341157
5.510889533835587 0.000000000000000 -0.029026295065976
5.525092857376400 0.000000000000000 -0.032167150924219
5.539296180917214 0.000000000000000 -0.035313929721619
5.553499504458028 0.000000000000000 -0.038456293538994
5.567702827998840 0.000000000000000 -0.041596704364823
5.581906151539654 0.000000000000000 -0.044736255386855
5.596109475080468 0.000000000000000 -0.047868529994904
5.610312798621281 0.000000000000000 -0.050996126063231
5.624516122162094 0.000000000000000 -0.054116825127050
5.638719445702908 0.000000000000000 -0.057245326392932
5.652922769243721 0.000000000000000 -0.060353253422015
5.667126092784534 0.000000000000000 -0.063463997419495
5.681329416325347 0.000000000000000 -0.066571689320547
5.695532739866160 0.000000000000000 -0.069657684840190
5.709736063406974 0.000000000000000 -0.072757798336225
5.723939386947788 0.000000000000000 -0.075825739351604
5.738142710488600 0.000000000000000 -0.078908134306689
5.752346034029414 0.000000000000000 -0.081965644057168
5.766549357570228 0.000000000000000 -0.085019388174082
5.780752681111041 0.000000000000000 -0.088072229667746
5.794956004651854 0.000000000000000 -0.091092738281210
5.809159328192668 0.000000000000000 -0.094129546631485
5.823362651733481 0.000000000000000 -0.097128274482575
5.837565975274295 0.000000000000000 -0.100135644738765
5.851769298815108 0.000000000000000 -0.103126491551164
5.865972622355921 0.000000000000000 -0.106091979336335
5.880175945896735 0.000000000000000 -0.109065445731235
5.894379269437549 0.000000000000000 -0.112001291025744
5.908582592978362 0.000000000000000 -0.114942156392323
5.922785916519175 0.000000000000000 -0.117864201832319
5.936989240059988 0.000000000000000 -0.120758891101494
5.951192563600801 0.000000000000000 -0.123659403281188
5.965395887141614 0.000000000000000 -0.126519007012615
5.979599210682428 0.000000000000000 -0.129381991480827
5.993802534223241 0.000000000000000 -0.132224163354289
6.008005857764055 0.000000000000000 -0.135035685819005
6.022209181304868 0.000000000000000 -0.137850177290192
6.036412504845681 0.000000000000000 -0.140624263390770
6.050615828386495 0.000000000000000 -0.143394907298084
6.064819151927309 0.000000000000000 -0.146148291741390
6.079022475468122 0.000000000000000 -0.148862668580594
6.093225799008935 0.000000000000000 -0.151581621058425
6.107429122549749 0.000000000000000 -0.154257475645162
6.121632446090562 0.000000000000000 -0.156926560609495
6.135835769631376 0.000000000000000 -0.159575101868979
6.150039093172189 0.000000000000000 -0.162186536536699
6.164242416713002 0.000000000000000 -0.164794548200384
6.178445740253816 0.000000000000000 -0.167364235556128
6.192649063794629 0.000000000000000 -0.169917674239424
6.206852387335442 0.000000000000000 -0.172454586131710
6.221055710876255 0.000000000000000 -0.174947253171240
6.235259034417069 0.000000000000000 -0.177439737796840
6.249462357957882 0.000000000000000 -0.179884411300698
6.263665681498695 0.000000000000000 -0.182320168274715
6.277869005039509 0.000000000000000 -0.184727621793957
6.292072328580322 0.000000000000000 -0.187097912862553
6.306275652121136 0.000000000000000 -0.189458055803182
6.320478975661949 0.000000000000000 -0.191774076804920
6.334682299202762 0.000000000000000 -0.194077002248893
6.348885622743576 0.000000000000000 -0.196345524624861
6.363088946284390 0.000000000000000 -0.198583262454955
6.377292269825202 0.000000000000000 -0.200804708061462
6.391495593366016 0.000000000000000 -0.202977223170990
6.405698916906829 0.000000000000000 -0.205144188700670
6.419902240447643 0.000000000000000 -0.207256784823109
6.434105563988456 0.000000000000000 -0.209363626050292
6.448308887529269 0.000000000000000 -0.211418078223265
6.462512211070083 0.000000000000000 -0.213460491926092
6.476715534610896 0.000000000000000 -0.215458732167979
6.490918858151709 0.000000000000000 -0.217433014301991
6.505122181692522 0.000000000000000 -0.219373131007623
6.519325505233336 0.000000000000000 -0.221279963247403
6.533528828774149 0.000000000000000 -0.223157551565144
6.547732152314963 0.000000000000000 -0.224998679909080
6.561935475855776 0.000000000000000 -0.226810734053864
6.576138799396589 0.000000000000000 -0.228585952198354
6.590342122937403 0.000000000000000 -0.230330602120469
6.604545446478216 0.000000000000000 -0.232038966282871
6.618748770019029 0.000000000000000 -0.233715027139552
6.632952093559843 0.000000000000000 -0.235355022833201
6.647155417100657 0.000000000000000 -0.236962012731677
6.661358740641470 0.000000000000000 -0.238531390689557
6.675562064182283 0.000000000000000 -0.240070045629919
6.689765387723097 0.000000000000000 -0.241565099792955
6.703968711263910 0.000000000000000 -0.243038181140410
6.718172034804724 0.000000000000000 -0.244456754633925
6.732375358345537 0.000000000000000 -0.245854380356429
6.746578681886350 0.000000000000000 -0.247206850296300
6.760782005427163 0.000000000000000 -0.248529448023900
6.774985328967977 0.000000000000000 -0.249806409655475
6.789188652508789 0.000000000000000 -0.251054886624388
6.803391976049603 0.000000000000000 -0.252260731621318
6.817595299590417 0.000000000000000 -0.253428884826180
6.831798623131231 0.000000000000000 -0.254559388597721
6.846001946672043 0.000000000000000 -0.255656550911324
6.860205270212856 0.000000000000000 -0.256706711418398
6.874408593753671 0.000000000000000 -0.257726627662732
6.888611917294484 0.000000000000000 -0.258702566512334
6.902815240835296 0.000000000000000 -0.259643362226731
6.917018564376111 0.000000000000000 -0.260540948889054
6.931221887916924 0.000000000000000 -0.261405815850043
6.945425211457737 0.000000000000000 -0.262223060381484
6.959628534998551 0.000000000000000 -0.263008993977516
6.973831858539364 0.000000000000000 -0.263748845873916
6.988035182080177 0.000000000000000 -0.264453927568422
7.002238505620991 0.000000000000000 -0.265115649944300
7.016441829161804 0.000000000000000 -0.265740067067106
7.030645152702617 0.000000000000000 -0.266322008661281
7.044848476243431 0.000000000000000 -0.266866327194482
7.059051799784244 0.000000000000000 -0.267367255433602
7.073255123325057 0.000000000000000 -0.267831140415228
7.087458446865871 0.000000000000000 -0.268251147229598
7.101661770406684 0.000000000000000 -0.268633859934057
7.115865093947497 0.000000000000000 -0.268973567321831
7.130068417488311 0.000000000000000 -0.269274240238413
7.144271741029124 0.000000000000000 -0.269532564036348
7.158475064569937 0.000000000000000 -0.269751978131891
7.172678388110752 0.000000000000000 -0.269928449185928
7.186881711651565 0.000000000000000 -0.270066113089796
7.201085035192377 0.000000000000000 -0.270160840966256
7.215288358733192 0.000000000000000 -0.270216728424255
7.229491682274005 0.000000000000000 -0.270229547411516
7.243695005814818 0.000000000000000 -0.270203629805272
7.257898329355632 0.000000000000000 -0.270134470256505
7.272101652896445 0.000000000000000 -0.270026408407926
7.286304976437258 0.000000000000000 -0.269875647362001
7.300508299978071 0.000000000000000 -0.269685694307210
7.314711623518884 0.000000000000000 -0.269452955178386
7.328914947059697 0.000000000000000 -0.269181164454716
7.343118270600512 0.000000000000000 -0.268867291890350
7.357321594141325 0.000000000000000 -0.268513650560250
7.371524917682137 0.000000000000000 -0.268117705164757
7.385728241222952 0.000000000000000 -0.267683137060419
7.399931564763765 0.000000000000000 -0.267205975072647
7.414134888304578 0.000000000000000 -0.266689551648080
7.428338211845392 0.000000000000000 -0.266132429971958
7.442541535386205 0.000000000000000 -0.265535509247270
7.456744858927018 0.000000000000000 -0.264897012084741
7.470948182467833 0.000000000000000 -0.264220038599968
7.485151506008645 0.000000000000000 -0.263501015953373
7.499354829549458 0.000000000000000 -0.262745082005800
7.513558153090273 0.000000000000000 -0.261946334892535
7.527761476631086 0.000000000000000 -0.261110059420672
7.541964800171898 0.000000000000000 -0.260232118717927
7.556168123712713 0.000000000000000 -0.259316996268005
7.570371447253526 0.000000000000000 -0.258361470247717
7.584574770794339 0.000000000000000 -0.257368597906263
7.598778094335152 0.000000000000000 -0.256334399757056
7.612981417875965 0.000000000000000 -0.255264004708399
7.627184741416778 0.000000000000000 -0.254152547192758
7.641388064957593 0.000000000000000 -0.253006510552868
7.655591388498405 0.000000000000000 -0.251818278234517
7.669794712039218 0.000000000000000 -0.250595677068489
7.683998035580033 0.000000000000000 -0.249331847343444
7.698201359120846 0.000000000000000 -0.248035410311613
7.712404682661659 0.000000000000000 -0.246697081266368
7.726608006202473 0.000000000000000 -0.245325606490317
7.740811329743286 0.000000000000000 -0.243914546364977
7.755014653284099 0.000000000000000 -0.242468780310410
7.769217976824913 0.000000000000000 -0.240986290359413
7.783421300365726 0.000000000000000 -0.239469162874383
7.797624623906539 0.000000000000000 -0.237914032298578
7.811827947447354 0.000000000000000 -0.236327688361504
7.826031270988167 0.000000000000000 -0.234701332768718
7.840234594528979 0.000000000000000 -0.233043977770974
7.854437918069793 0.000000000000000 -0.231351276347346
7.868641241610606 0.000000000000000 -0.229623160769626
7.882844565151419 0.000000000000000 -0.227863791159614
7.897047888692233 0.000000000000000 -0.226070127808711
7.911251212233046 0.000000000000000 -0.224243441270190
7.925454535773859 0.000000000000000 -0.222383994742891
7.939657859314673 0.000000000000000 -0.220491924237144
7.953861182855486 0.000000000000000 -0.218569184577131
7.968064506396299 0.000000000000000 -0.216613847255623
7.982267829937114 0.000000000000000 -0.214629438990054
7.996471153477927 0.000000000000000 -0.212611716120866
8.010674477018739 0.000000000000000 -0.210564688220270
8.024877800559553 0.000000000000000 -0.208489499946542
8.039081124100367 0.000000000000000 -0.206383009628750
8.053284447641179 0.000000000000000 -0.204247744072435
8.067487771181995 0.000000000000000 -0.202085808557723
8.081691094722807 0.000000000000000 -0.199894555216150
8.095894418263619 0.000000000000000 -0.197674743064864
8.110097741804434 0.000000000000000 -0.195431027365537
8.124301065345247 0.000000000000000 -0.193157950945877
8.138504388886060 0.000000000000000 -0.190861813955041
8.152707712426874 0.000000000000000 -0.188537444564958
8.166911035967686 0.000000000000000 -0.186189141801386
8.181114359508500 0.000000000000000 -0.183818483182089
8.195317683049314 0.000000000000000 -0.181420930248586
8.209521006590126 0.000000000000000 -0.179002955012937
8.223724330130940 0.000000000000000 -0.176561003569200
8.237927653671754 0.000000000000000 -0.174098869803673
8.252130977212568 0.000000000000000 -0.171613135091729
8.266334300753380 0.000000000000000 -0.169108738157660
8.280537624294194 0.000000000000000 -0.166583451560237
8.294740947835008 0.000000000000000 -0.164041142719789
8.308944271375820 0.000000000000000 -0.161477778970044
8.323147594916634 0.000000000000000 -0.158898835683094
8.337350918457448 0.000000000000000 -0.156301596476928
8.351554241998260 0.000000000000000 -0.153689045879588
8.365757565539075 0.000000000000000 -0.151061243243048
8.379960889079888 0.000000000000000 -0.148418468871905
8.394164212620700 0.000000000000000 -0.145763606257681
8.408367536161515 0.000000000000000 -0.143094319530541
8.422570859702327 0.000000000000000 -0.140415759341214
8.436774183243141 0.000000000000000 -0.137724196334664
8.450977506783955 0.000000000000000 -0.135025398699167
8.465180830324767 0.000000000000000 -0.132316432107887
8.479384153865581 0.000000000000000 -0.129600288271403
8.493587477406395 0.000000000000000 -0.126877961545021
8.507790800947207 0.000000000000000 -0.124151755112722
8.521994124488021 0.000000000000000 -0.121420451250461
