0.000000000000000 -0.745231963347793 0.219336404750928
0.040391614797364 -0.744059382556118 0.218246861768873
0.080783229594728 -0.742601534163126 0.217019648140749
0.121174844392093 -0.740860331686387 0.215651528466384
0.161566459189457 -0.738838396985267 0.214139533737769
0.201958073986821 -0.736534174578617 0.212477589381793
0.242349688784185 -0.733947763908945 0.210660425667863
0.282741303581549 -0.731086275063891 0.208688151349465
0.323132918378913 -0.727942946937443 0.206550156964619
0.363524533176277 -0.724531325499695 0.204250811145437
0.403916147973642 -0.720842409983107 0.201777677776942
0.444307762771006 -0.716883070190686 0.199130531055454
0.484699377568370 -0.712659385293729 0.196306776723620
0.525090992365734 -0.708171363298425 0.193301525266601
0.565482607163098 -0.703419258375509 0.190108056418977
0.605874221960462 -0.698410787537869 0.186726615013031
0.646265836757827 -0.693151692499599 0.183154050911564
0.686657451555191 -0.687637514221211 0.179382393855956
0.727049066352555 -0.681880669995976 0.175412919929033
0.767440681149919 -0.675881681740886 0.171241130082138
0.807832295947283 -0.669651127248942 0.166867170148282
0.848223910744647 -0.663181080953938 0.162280637054456
0.888615525542012 -0.656496671627246 0.157492123772310
0.929007140339376 -0.649581248417477 0.152485096368485
0.969398755136740 -0.642458085699306 0.147269105540372
1.009790369934104 -0.635125295184919 0.141838476489150
1.050181984731468 -0.627588196094468 0.136189983041826
1.090573599528832 -0.619858457555547 0.130328256640597
1.130965214326197 -0.611942155007244 0.124251137209073
1.171356829123561 -0.603836566089949 0.117952647159851
1.211748443920925 -0.595562956008870 0.111442713148855
1.252140058718289 -0.587119184348666 0.104716386373139
1.292531673515653 -0.578519824856166 0.097779081925148
1.332923288313018 -0.569764362584461 0.090627564469356
1.373314903110382 -0.560865516038787 0.083266381224874
1.413706517907746 -0.551834464270111 0.075702643717322
1.454098132705110 -0.542672438005043 0.067932189628866
1.494489747502474 -0.533391683265461 0.059963765963479
1.534881362299838 -0.524001832338423 0.051801139360606
1.575272977097202 -0.514508506757256 0.043448375768662
1.615664591894567 -0.504919871579859 0.034908750858950
1.656056206691931 -0.495248866979329 0.026193786453647
1.696447821489295 -0.485501974217025 0.017306336400581
1.736839436286659 -0.475687442685504 0.008254771507101
1.777231051084023 -0.465814246843481 -0.000954836561633
1.817622665881387 -0.455891125745827 -0.010312561508819
1.858014280678752 -0.445927733394368 -0.019810581914705
1.898405895476116 -0.435931934841715 -0.029438639259426
1.938797510273480 -0.425913125996180 -0.039188027716509
1.979189125070844 -0.415878301349312 -0.049048210261329
2.019580739868208 -0.405841389484707 -0.059004828905740
2.059972354665573 -0.395803386121461 -0.069052120111338
2.100363969462937 -0.385774228681953 -0.079178656451577
2.140755584260301 -0.375770165470523 -0.089362198877945
2.181147199057665 -0.365788079337232 -0.099603350216164
2.221538813855029 -0.355841068088820 -0.109882058644840
2.261930428652393 -0.345939987205434 -0.120183567422041
2.302322043449757 -0.336085211959693 -0.130499893278620
2.342713658247122 -0.326288712816244 -0.140814202621305
2.383105273044486 -0.316559066587983 -0.151108995774094
2.423496887841850 -0.306897589814749 -0.161377756199115
2.463888502639214 -0.297312586656673 -0.171602542753209
2.504280117436578 -0.287815249311023 -0.181765566236150
2.544671732233942 -0.278404305844343 -0.191858414787582
2.585063347031307 -0.269091638348390 -0.201861940948274
2.625454961828670 -0.259879630740808 -0.211763318306258
2.665846576626035 -0.250773903276284 -0.221549639094956
2.706238191423399 -0.241780000465539 -0.231204343054213
2.746629806220763 -0.232901444099325 -0.240716456280667
2.787021421018127 -0.224144106350545 -0.250068895123364
2.827413035815491 -0.215509751842116 -0.259252399792858
2.867804650612856 -0.207004330201243 -0.268249799481800
2.908196265410220 -0.198634781735244 -0.277046428277515
2.948587880207584 -0.190393597769183 -0.285639443439544
2.988979495004948 -0.182295731696444 -0.294005954502442
3.029371109802312 -0.174335928316609 -0.302141065139892
3.069762724599677 -0.166519932861850 -0.310031851032118
3.110154339397040 -0.158846906578271 -0.317669181605671
3.150545954194405 -0.151325703392942 -0.325037731317300
3.190937568991769 -0.143947807128189 -0.332136504981228
3.231329183789133 -0.136725858389569 -0.338947295437178
3.271720798586497 -0.129648969323455 -0.345471839374480
3.312112413383862 -0.122725933078670 -0.351696371981182
3.352504028181226 -0.115958215838700 -0.357612169484692
3.392895642978590 -0.109341380945460 -0.363218452027468
3.433287257775954 -0.102878038929108 -0.368506221499442
3.473678872573319 -0.096569177751186 -0.373470942078118
3.514070487370683 -0.090413075939426 -0.378108427286833
3.554462102168046 -0.084409629020034 -0.382415819968755
3.594853716965411 -0.078559021025132 -0.386388576716925
3.635245331762774 -0.072861124627082 -0.390025007480627
3.675636946560139 -0.067313345734311 -0.393323579735607
3.716028561357503 -0.061916767863391 -0.396282813043305
3.756420176154867 -0.056667973841782 -0.398902671485765
3.796811790952232 -0.051568617982029 -0.401182541302765
3.837203405749596 -0.046615343905769 -0.403123489432258
3.877595020546960 -0.041807862432810 -0.404726882110216
3.917986635344324 -0.037143732603755 -0.405994353646101
3.958378250141688 -0.032622646692378 -0.406928383914031
3.998769864939053 -0.028240465334127 -0.407531870550463
4.039161479736417 -0.023999766935552 -0.407807986403321
4.079553094533781 -0.019893789712535 -0.407760784825951
4.119944709331145 -0.015925114212009 -0.407394628725925
4.160336324128509 -0.012087693021816 -0.406713945205422
4.200727938925874 -0.008383446061209 -0.405724350557171
4.241119553723237 -0.004807468741929 -0.404431054611899
4.281511168520601 -0.001358575902214 -0.402839600278990
4.321902783317966 0.001964748010543 -0.400956995064477
4.362294398115329 0.005164937786181 -0.398789094175123
4.402686012912694 0.008244036715884 -0.396343473334767
4.443077627710059 0.011203956380002 -0.393626754409661
4.483469242507423 0.014047717630109 -0.390646300130872
4.523860857304786 0.016776252996085 -0.387409999161857
4.564252472102151 0.019393224216728 -0.383924912647273
4.604644086899515 0.021898826048243 -0.380200425554851
4.645035701696879 0.024297140395800 -0.376243306652844
4.685427316494243 0.026588885864387 -0.372062518783831
4.725818931291607 0.028777072341702 -0.367666690690114
4.766210546088971 0.030862781909877 -0.363064722727718
4.806602160886336 0.032849532539835 -0.358264151724630
4.846993775683700 0.034737833163373 -0.353275365870767
4.887385390481064 0.036531394046875 -0.348105199980321
4.927777005278428 0.038230443402566 -0.342765234948634
4.968168620075793 0.039838999612034 -0.337260846817973
5.008560234873157 0.041357022609840 -0.331604803507973
5.048951849670520 0.042787818504105 -0.325804751097681
5.089343464467885 0.044132577594169 -0.319869062138758
5.129735079265249 0.045393692874317 -0.313808510174731
5.170126694062613 0.046572586716965 -0.307630193241516
5.210518308859977 0.047671442689156 -0.301345802800166
5.250909923657341 0.048691660934251 -0.294962043321721
5.291301538454706 0.049635391476018 -0.288490733152916
5.331693153252070 0.050503927423776 -0.281938528041521
5.372084768049434 0.051299357278968 -0.275317603624690
5.412476382846799 0.052022889408852 -0.268634501260388
5.452867997644162 0.052676655672772 -0.261900711277210
5.493259612441526 0.053261624209987 -0.255124220001350
5.533651227238891 0.053780028267977 -0.248314960697495
5.574042842036254 0.054232633312375 -0.241482719265454
5.614434456833619 0.054621716133906 -0.234636041840096
5.654826071630983 0.054948013654494 -0.227784263536757
5.695217686428347 0.055213593450101 -0.220939170353862
5.735609301225712 0.055419326638520 -0.214106810557706
5.776000916023076 0.055567224362426 -0.207299275569772
5.816392530820440 0.055658068845673 -0.200524679103103
5.856784145617803 0.055693926836913 -0.193793794025671
5.897175760415168 0.055675584978137 -0.187114566321979
5.937567375212533 0.055605125805133 -0.180497412496720
5.977958990009896 0.055483370896523 -0.173950424818410
6.018350604807260 0.055312522978110 -0.167485663611742
6.058742219604625 0.055093392567804 -0.161107207037223
6.099133834401989 0.054828315564629 -0.154828152748795
6.139525449199353 0.054518345126624 -0.148655151765145
6.179917063996717 0.054165813459564 -0.142596403164867
6.220308678794081 0.053771961299265 -0.136658860454138
6.260700293591446 0.053339311487898 -0.130850326136840
6.301091908388810 0.052869411485438 -0.125177760548560
6.341483523186174 0.052364821327202 -0.119645789476519
6.381875137983538 0.051827272216413 -0.114259837695755
6.422266752780902 0.051259737171324 -0.109025530714116
6.462658367578267 0.050663976305050 -0.103944813266823
6.503049982375630 0.050043088928937 -0.099021493779563
6.543441597172994 0.049399037902240 -0.094256431850270
6.583833211970359 0.048735072920172 -0.089652044450003
6.624224826767724 0.048053146674887 -0.085206921359792
6.664616441565087 0.047356549384464 -0.080922007970473
6.705008056362452 0.046647371310835 -0.076795282845998
6.745399671159816 0.045928774573601 -0.072825757567919
6.785791285957179 0.045202541951347 -0.069009023112459
6.826182900754544 0.044471842945792 -0.065343883593205
6.866574515551908 0.043738673572266 -0.061826794848171
6.906966130349272 0.043005490456587 -0.058453170631047
6.947357745146637 0.042274165588474 -0.055219309535027
6.987749359944001 0.041547196308671 -0.052121479264384
7.028140974741365 0.040826016649550 -0.049154645436970
7.068532589538728 0.040112904635190 -0.046315047452939
7.108924204336093 0.039408876832769 -0.043596879646352
7.149315819133458 0.038716125418612 -0.040997071734636
7.189707433930821 0.038035609359365 -0.038510529128668
7.230099048728186 0.037369059280622 -0.036133450556440
7.270490663525549 0.036717024479819 -0.033860280858030
7.310882278322913 0.036081251443710 -0.031688315980073
7.351273893120278 0.035462131642631 -0.029612379647935
7.391665507917642 0.034860895842251 -0.027628972118946
7.432057122715007 0.034277809276840 -0.025733404498474
7.472448737512371 0.033714453110464 -0.023924168684122
7.512840352309734 0.033170576568932 -0.022195651017695
7.553231967107099 0.032647344014800 -0.020545794527346
7.593623581904464 0.032144708548236 -0.018970339293533
7.634015196701827 0.031663237159053 -0.017466043522044
7.674406811499192 0.031203752320987 -0.016031947033087
7.714798426296555 0.030765956430620 -0.014662716339826
7.755190041093920 0.030350225340913 -0.013356488337179
7.795581655891285 0.029957412431484 -0.012112075082093
7.835973270688648 0.029586767725165 -0.010924490938422
7.876364885486012 0.029239400193581 -0.009793837882944
7.916756500283376 0.028914635182472 -0.008715684822850
7.957148115080741 0.028613255210994 -0.007689513308451
7.997539729878105 0.028334833518342 -0.006711944591270
8.037931344675469 0.028079908243366 -0.005782016368550
8.078322959472834 0.027848371728323 -0.004897749971693
8.118714574270198 0.027640271981577 -0.004056714112149
8.159106189067561 0.027455555805438 -0.003257219958739
8.199497803864926 0.027294570333067 -0.002498315258552
8.239889418662290 0.027157062951285 -0.001777708080654
8.280281033459653 0.027043280147925 -0.001094184638642
8.320672648257018 0.026953068069637 -0.000445917100510
8.361064263054381 0.026886686702888 0.000167880962962
8.401455877851747 0.026843949141879 0.000749202159619
8.441847492649112 0.026825081271554 0.001298913792480
8.482239107446475 0.026829950391550 0.001818574684955
8.522630722243839 0.026858742754758 0.002309032079699
8.563022337041202 0.026911375574901 0.002772030419100
8.603413951838567 0.026988062840441 0.003208264597283
8.643805566635931 0.027088605584247 0.003618695101449
8.684197181433294 0.027213335381471 0.004004711390734
8.724588796230659 0.027362069302822 0.004367145908049
8.764980411028024 0.027535058588919 0.004706932508099
8.805372025825388 0.027732339522242 0.005025315050287
8.845763640622753 0.027953961253560 0.005322722122800
8.886155255420118 0.028199915098843 0.005600331002159
8.926546870217480 0.028470426510026 0.005858800180673
8.966938485014845 0.028765577058897 0.006099231040613
9.007330099812208 0.029085609795677 0.006322173345220
9.047721714609573 0.029430353054341 0.006528479488885
9.088113329406937 0.029800009893034 0.006718698801989
9.128504944204302 0.030194868728678 0.006893875424998
9.168896559001666 0.030614756136097 0.007054318714325
9.209288173799029 0.031060251139141 0.007201103965754
9.249679788596394 0.031531299483155 0.007334539872014
9.290071403393759 0.032027715512564 0.007455414349305
9.330463018191121 0.032550376466211 0.007564270524736
9.370854632988486 0.033098570042961 0.007661731216208
9.411246247785851 0.033673331231057 0.007748309023955
9.451637862583214 0.034274434437716 0.007824676606600
9.492029477380578 0.034901844880421 0.007891147286702
9.532421092177943 0.035556202674023 0.007948482902052
9.572812706975308 0.036237280018499 0.007996945517552
9.613204321772672 0.036945681166916 0.008037241580685
9.653595936570035 0.037681438243071 0.008069629464187
9.693987551367400 0.038444738036524 0.008094749903263
9.734379166164764 0.039235649095850 0.008112852883791
9.774770780962127 0.040054873048052 0.008124554256457
9.815162395759492 0.040901868948766 0.008130073458948
9.855554010556856 0.041777696636302 0.008129994467011
9.895945625354221 0.042682099967310 0.008124520154423
9.936337240151586 0.043614996230095 0.008114206618431
9.976728854948949 0.044578108124014 0.008099219299955
10.017120469746313 0.045569483571871 0.008080111493134
10.057512084543678 0.046591136851572 0.008057025051118
10.097903699341041 0.047642272890249 0.008030472023431
10.138295314138405 0.048723920526648 0.008000589140403
10.178686928935770 0.049835699717264 0.007967858012407
10.219078543733133 0.050977970850658 0.007932417922092
10.259470158530497 0.052151925604657 0.007894678565578
10.299861773327862 0.053355410175780 0.007854845879947
10.340253388125227 0.054591972543765 0.007813228501881
10.380645002922591 0.055859483827759 0.007770019539353
10.421036617719954 0.057158122063738 0.007725617755611
10.461428232517319 0.058490030040322 0.007680060878964
10.501819847314682 0.059854115072159 0.007633768716614
10.542211462112046 0.061250237369411 0.007586846631511
10.582603076909411 0.062679328490617 0.007539623670775
10.622994691706776 0.064142203823149 0.007492165396688
10.663386306504140 0.065636802704693 0.007444877361971
10.703777921301505 0.067167049311969 0.007397718723485
10.744169536098868 0.068729716980835 0.007351110744192
10.784561150896232 0.070327782545626 0.007305039097300
10.824952765693597 0.071957361439974 0.007259914209694
10.865344380490960 0.073624165408657 0.007215644025152
10.905735995288325 0.075325216788631 0.007172597409120
10.946127610085687 0.077059174454426 0.007130861246245
10.986519224883052 0.078830049903353 0.007090603813175
11.026910839680419 0.080635978235445 0.007051926467622
11.067302454477781 0.082477501104814 0.007015063892760
11.107694069275146 0.084354995836706 0.006980059929980
11.148085684072509 0.086266721989605 0.006947172829505
11.188477298869874 0.088215627425800 0.006916395694793
11.228868913667238 0.090200499355742 0.006887964402521
11.269260528464601 0.092221821395078 0.006861912911930
11.309652143261966 0.094280155422503 0.006838433758195
11.350043758059330 0.096373158043683 0.006817588297977
11.390435372856695 0.098504414582104 0.006799520977960
11.430826987654060 0.100672579867296 0.006784285273287
11.471218602451424 0.102878613369280 0.006772043483673
11.511610217248787 0.105119396878943 0.006762844655685
11.552001832046152 0.107398935249982 0.006756821384000
11.592393446843515 0.109714428945678 0.006754018057234
11.632785061640879 0.112068377098027 0.006754567723583
11.673176676438244 0.114458635032885 0.006758506380824
11.713568291235607 0.116887262536649 0.006765959800914
11.753959906032973 0.119352367880438 0.006776959075853
11.794351520830336 0.121855777314936 0.006791621327324
11.834743135627701 0.124395726979681 0.006809974155335
11.875134750425065 0.126973885390859 0.006832125550499
11.915526365222428 0.129588564684251 0.006858100549654
11.955917980019793 0.132241303613261 0.006887997706718
11.996309594817157 0.134930482239841 0.006921840479972
12.036701209614520 0.137657483607611 0.006959717219724
12.077092824411885 0.140420815907568 0.007001651660233
12.117484439209250 0.143221584630590 0.007047719499654
12.157876054006614 0.146058657906811 0.007097949965277
12.198267668803979 0.148932378939443 0.007152396068927
12.238659283601342 0.151843849929926 0.007211132894942
12.279050898398706 0.154792789320210 0.007274199029267
12.319442513196071 0.157774127712948 0.007341534499590
12.359834127993434 0.160793398273515 0.007413287332203
12.400225742790798 0.163847015331233 0.007489434408623
12.440617357588161 0.166940266481217 0.007570131119662
12.481008972385526 0.170064287682960 0.007655212173798
12.521400587182892 0.173223864154893 0.007744804793223
12.561792201980255 0.176419249528246 0.007838992853456
12.602183816777620 0.179651268316240 0.007937806980215
12.642575431574985 0.182909270960086 0.008040985605615
12.682967046372347 0.186211941413462 0.008149115854527
12.723358661169712 0.189535861787845 0.008261515970996
12.763750275967077 0.192903226061926 0.008378908254051
12.804141890764440 0.196295395518481 0.008500748215504
12.844533505561804 0.199723541081595 0.008627392333540
12.884925120359169 0.203181433598293 0.008758723624480
12.925316735156533 0.206669193437754 0.008894694548976
12.965708349953898 0.210192243655585 0.009035640566816
13.006099964751261 0.213736037344643 0.009180917588501
13.046491579548626 0.217320798797953 0.009331482244842
13.086883194345988 0.220920968251188 0.009486200147546
13.127274809143353 0.224560406408700 0.009646219205442
13.167666423940718 0.228223460446268 0.009810804574727
13.208058038738081 0.231909432577397 0.009980043943638
13.248449653535447 0.235625456941039 0.010154194311864
13.288841268332812 0.239369329283989 0.010333312473485
13.329232883130175 0.243131332580349 0.010516845762855
13.369624497927539 0.246921144055426 0.010705418604374
13.410016112724904 0.250730771912117 0.010898548935757
13.450407727522267 0.254568072117751 0.011096806049838
13.490799342319631 0.258423990987639 0.011299635448652
13.531190957116994 0.262300026318957 0.011507286999885
13.571582571914359 0.266195177762817 0.011719606154865
13.611974186711723 0.270110353687782 0.011936833723883
13.652365801509088 0.274042096819868 0.012158671573281
13.692757416306453 0.277992262348959 0.012385427234660
13.733149031103816 0.281956675724326 0.012616747984262
13.773540645901182 0.285937734013644 0.012852988947101
13.813932260698545 0.289930499721403 0.013093737064955
13.854323875495908 0.293938302818021 0.013339421493105
13.894715490293274 0.297954580426531 0.013589512491953
13.935107105090637 0.301986474287455 0.013844699533452
13.975498719888002 0.306026232071920 0.014104368848116
14.015890334685364 0.310072328792009 0.014368669588355
14.056281949482731 0.314124343127258 0.014637430587666
14.096673564280094 0.318185132906030 0.014911114735228
14.137065179077457 0.322250957641027 0.015189334566671
14.177456793874823 0.326316517879190 0.015472004788830
14.217848408672186 0.330389729380399 0.015759530182098
14.258240023469549 0.334460788606225 0.016051527713766
14.298631638266915 0.338530020866628 0.016347852670568
14.339023253064278 0.342602001214746 0.016649167276459
14.379414867861643 0.346664006357312 0.016954362347226
14.419806482659009 0.350727030801196 0.017264596545689
14.460198097456372 0.354782557715508 0.017579065522743
14.500589712253735 0.358828038081873 0.017897912035898
14.540981327051098 0.362870627202579 0.018221538844122
14.581372941848464 0.366894398453359 0.018549036471071
14.621764556645827 0.370913511496862 0.018881373569125
14.662156171443190 0.374918812969463 0.019218209206942
14.702547786240556 0.378901053080230 0.019558553176135
14.742939401037921 0.382876680027707 0.019904231884527
14.783331015835284 0.386831402088767 0.020253835967580
14.823722630632650 0.390762367895712 0.020607525558777
14.864114245430013 0.394673951601652 0.020965492669264
14.904505860227376 0.398562939667049 0.021327908813675
14.944897475024742 0.402429630580884 0.021694608827064
14.985289089822105 0.406267756713645 0.022065482609198
15.025680704619468 0.410076985490923 0.022440277046661
15.066072319416834 0.413857092137924 0.022819479092565
15.106463934214197 0.417605164668851 0.023202580740964
15.146855549011562 0.421320636846348 0.023590061035661
15.187247163808928 0.425000049735811 0.023981334775820
15.227638778606291 0.428643708651679 0.024376999520820
15.268030393403654 0.432246660136679 0.024776282943031
15.308422008201017 0.435812359270076 0.025180167038604
15.348813622998383 0.439335770174734 0.025587863404162
15.389205237795746 0.442812538378954 0.025999480929371
15.429596852593109 0.446242723022389 0.026414764885421
15.469988467390476 0.449625368244965 0.026834259156908
15.510380082187840 0.452960989352223 0.027257790536666
15.550771696985203 0.456245317002148 0.027685542334357
15.591163311782569 0.459468468925622 0.028115907742275
15.631554926579932 0.462647834625749 0.028551981436070
15.671946541377295 0.465758605055633 0.028990097936611
15.712338156174662 0.468818470195621 0.029433492897931
15.752729770972024 0.471813742256928 0.029879969101488
15.793121385769387 0.474744353192925 0.030330271963940
15.833513000566752 0.477615842547266 0.030785034200788
15.873904615364118 0.480410352521325 0.031242238625138
15.914296230161481 0.483149290023650 0.031705142113188
15.954687844958844 0.485802079709710 0.032169482284472
15.995079459756210 0.488395040428109 0.032639512539441
16.035471074553573 0.490907744098938 0.033112654080413
16.075862689350938 0.493344178967092 0.033589231550438
16.116254304148303 0.495699721014835 0.034069408710281
16.156645918945667 0.497978876039113 0.034553766070011
16.197037533743028 0.500173950948199 0.035041903269994
16.237429148540397 0.502285571256653 0.035533561113009
16.277820763337758 0.504308202978697 0.036028699108832
16.318212378135122 0.506245246948965 0.036527735357350
16.358603992932487 0.508089805867094 0.037030309532998
16.398995607729852 0.509844652249971 0.037536727356884
16.439387222527216 0.511503279635064 0.038046673543277
16.479778837324581 0.513068096930067 0.038560383780485
16.520170452121945 0.514533474663257 0.039077767096637
16.560562066919307 0.515902399833726 0.039599416054868
16.600953681716671 0.517166408057135 0.040124091258243
16.641345296514036 0.518329123789692 0.040652551194416
16.681736911311400 0.519384566642017 0.041184370608477
16.722128526108762 0.520337014561008 0.041721140622715
16.762520140906130 0.521177238445243 0.042260592891450
16.802911755703494 0.521909067180260 0.042803898736271
16.843303370500855 0.522527877909800 0.043351658636292
16.883694985298224 0.523033511561643 0.043902344574313
16.924086600095585 0.523422571132967 0.044457363698007
16.964478214892949 0.523695838861265 0.045016300446337
17.004869829690314 0.523848557055621 0.045578458235315
17.045261444487679 0.523882438744019 0.046145076759825
17.085653059285040 0.523792399168137 0.046716165525525
17.126044674082404 0.523580877152039 0.047289043811502
17.166436288879769 0.523241777474939 0.047868287983991
17.206827903677134 0.522777245739912 0.048450830331685
17.247219518474498 0.522183864561270 0.049036723825721
17.287611133271863 0.521461813057652 0.049627004604439
17.328002748069228 0.520607372809419 0.050221434604071
17.368394362866589 0.519621537376433 0.050820054520028
17.408785977663957 0.518500454553369 0.051422955078998
17.449177592461318 0.517245362138025 0.052030029263487
17.489569207258683 0.515852512482800 0.052641441882307
17.529960822056047 0.514323324179010 0.053257031822031
17.570352436853412 0.512654135898311 0.053877026089932
17.610744051650776 0.510846913554885 0.054501103400337
17.651135666448141 0.508896409124410 0.055130085120686
17.691527281245506 0.506801179497825 0.055764540053893
17.731918896042867 0.504567955319084 0.056401759347825
17.772310510840235 0.502188113769309 0.057044596604355
17.812702125637596 0.499660174785356 0.057692631437592
17.853093740434961 0.496990347688954 0.058344570660841
17.893485355232325 0.494171985193499 0.059001603411516
17.933876970029690 0.491205509027455 0.059663795444656
17.974268584827055 0.488089054711464 0.060331142127606
18.014660199624416 0.484827769256905 0.061002793046111
18.055051814421784 0.481407319294356 0.061681333502518
18.095443429219145 0.477846201526347 0.062363265863931
18.135835044016510 0.474127712270807 0.063051660219106
18.176226658813874 0.470261910887588 0.063744752620142
18.216618273611239 0.466239958729764 0.064444033454878
18.257009888408604 0.462066802125863 0.065148726597684
18.297401503205968 0.457743546005006 0.065858651268864
18.337793118003333 0.453263305870446 0.066575036564241
18.378184732800694 0.448632259434595 0.067296900724583
18.418576347598059 0.443845389855333 0.068025137816778
18.458967962395423 0.438906509719200 0.068759230517878
18.499359577192788 0.433815915686509 0.069499265884812
18.539751191990149 0.428566091405884 0.070246431879599
18.580142806787517 0.423170356357176 0.070998941241102
18.620534421584878 0.417614528152742 0.071758953639658
18.660926036382243 0.411909896503292 0.072524995615360
18.701317651179611 0.406052771085510 0.073297811287239
18.741709265976972 0.400040841385160 0.074077778567484
18.782100880774337 0.393871969211475 0.074865407254424
18.822492495571701 0.387565818087092 0.075658307699579
18.862884110369066 0.381094180371921 0.076460334440663
18.903275725166427 0.374481189151922 0.077268547415591
18.943667339963795 0.367709267199994 0.078085449885398
18.984058954761156 0.360798524407439 0.078908684091051
19.024450569558521 0.353732977211446 0.079740558005586
19.064842184355886 0.346528676231167 0.080579248490863
19.105233799153250 0.339160993068734 0.081428030302391
19.145625413950615 0.331670542477493 0.082282294206322
19.186017028747976 0.324016162598210 0.083147213380486
19.226408643545344 0.316231609319272 0.084019004200550
19.266800258342705 0.308297107115406 0.084900402175770
19.307191873140070 0.300225371947309 0.085790027478401
19.347583487937435 0.292017802507846 0.086688279579119
19.387975102734799 0.283667141510230 0.087595990428174
19.428366717532164 0.275184471667118 0.088512524420523
19.468758332329529 0.266568885156798 0.089438027957615
19.509149947126893 0.257812346084382 0.090373957733955
19.549541561924254 0.248932065638427 0.091318510498599
19.589933176721622 0.239918855896852 0.092273300726144
19.630324791518984 0.230781591281216 0.093237419728085
19.670716406316348 0.221518111818048 0.094211760497802
19.711108021113713 0.212126706202184 0.095196526965021
19.751499635911077 0.202624256880197 0.096190642988418
19.791891250708442 0.193000012501959 0.097195260213672
19.832282865505803 0.183243973054953 0.098212133944714
19.872674480303171 0.173391200853134 0.099237629084882
19.913066095100532 0.163426644398326 0.100274062861366
19.953457709897897 0.153339005068344 0.101322618953089
19.993849324695262 0.143153671496984 0.102381430720415
20.034240939492626 0.132867480059233 0.103450830839620
20.074632554289987 0.122476862615268 0.104531987514794
20.115024169087356 0.111981076674668 0.105624975154529
20.155415783884720 0.101390768705807 0.106729509343899
20.195807398682081 0.090719846885554 0.107844121345091
20.236199013479450 0.079947889725064 0.108971789261701
20.276590628276811 0.069088173745216 0.110111104926226
20.316982243074175 0.058143677454973 0.111262625406929
20.357373857871540 0.047135288248116 0.112424107788717
20.397765472668905 0.036028683899543 0.113600064188547
20.438157087466266 0.024850137173556 0.114787681196380
20.478548702263630 0.013616612844856 0.115986048754916
20.518940317060995 0.002305732886857 0.117197485957134
20.559331931858360 -0.009078432390492 0.118422504096876
20.599723546655724 -0.020501606738250 0.119657323769777
20.640115161453089 -0.031995134273534 0.120906268571722
20.680506776250454 -0.043546181682499 0.122167871227483
20.720898391047815 -0.055127295783035 0.123440074212198
20.761290005845183 -0.066768277222139 0.124726025544133
20.801681620642544 -0.078459551845995 0.126025679679438
20.842073235439909 -0.090154890681466 0.127333717583885
20.882464850237273 -0.101926853451789 0.128659260274101
20.922856465034638 -0.113683311574565 0.129991769322174
20.963248079832002 -0.125506237822987 0.131341520739206
21.003639694629364 -0.137318495202885 0.132699545683011
21.044031309426732 -0.149168406544585 0.134072369983787
21.084422924224093 -0.161019758369217 0.135455613390266
21.124814539021457 -0.172883083267207 0.136851482266176
21.165206153818822 -0.184749640587707 0.138258719924125
21.205597768616187 -0.196614991376079 0.139677790387106
21.245989383413551 -0.208477201037739 0.141108195698343
21.286380998210916 -0.220325585238724 0.142549632927944
21.326772613008281 -0.232170288609678 0.144003044516894
21.367164227805642 -0.243977530926589 0.145465250955731
21.407555842603010 -0.255791643772617 0.146941420559584
21.447947457400371 -0.267537427744129 0.148423115529927
21.488339072197736 -0.279295584114832 0.149920120819411
21.528730686995100 -0.290971882788845 0.151421430369638
21.569122301792465 -0.302642583513131 0.152936350839231
21.609513916589830 -0.314252009229763 0.154458709179039
21.649905531387194 -0.325802278406914 0.155988183698528
21.690297146184559 -0.337310107122630 0.157527980275160
21.730688760981920 -0.348752557730964 0.159074473622716
21.771080375779285 -0.360117407102725 0.160626905992320
21.811471990576649 -0.371431782889166 0.162188361806330
21.851863605374014 -0.382656900614797 0.163754433399555
21.892255220171375 -0.393798165574249 0.165325095791449
21.932646834968743 -0.404863352072547 0.166902359500596
21.973038449766104 -0.415842831466537 0.168484103710353
22.013430064563469 -0.426704927406874 0.170066562423405
22.053821679360837 -0.437486809457602 0.171654261007927
22.094213294158198 -0.448153904017069 0.173242970127454
22.134604908955563 -0.458716142930620 0.174833171969600
22.174996523752927 -0.469161489570579 0.176423853822696
22.215388138550292 -0.479478889474683 0.178012218576785
22.255779753347653 -0.489682092651356 0.179601124917606
22.296171368145018 -0.499753964966421 0.181186763687681
22.336562982942382 -0.509682513243115 0.182767878034468
22.376954597739747 -0.519480449260199 0.184345205765455
22.417346212537112 -0.529130636149685 0.185916619022286
22.457737827334476 -0.538631258771758 0.187480398099752
22.498129442131841 -0.547969562803969 0.189034951408031
22.538521056929202 -0.557164981209546 0.190581999930575
22.578912671726570 -0.566186454675735 0.192116810534290
22.619304286523931 -0.575040424978416 0.193638751911513
22.659695901321296 -0.583718678743654 0.195146797654092
22.700087516118661 -0.592221800994571 0.196639208761395
22.740479130916025 -0.600544404141965 0.198115355545381
22.780870745713390 -0.608684410073309 0.199572893011008
22.821262360510755 -0.616620472692426 0.201008169932851
22.861653975308119 -0.624370392427577 0.202422220936890
22.902045590105480 -0.631910644554179 0.203810858625725
22.942437204902848 -0.639259587314308 0.205175110781272
22.982828819700210 -0.646393284854672 0.206510553416453
23.023220434497574 -0.653312761755973 0.207814788643577
23.063612049294935 -0.660012465314995 0.209086642885035
23.104003664092303 -0.666496762393416 0.210324178119825
23.144395278889668 -0.672755826308422 0.211525290332443
23.184786893687029 -0.678785408443611 0.212686159908812
23.225178508484397 -0.684576091206936 0.213804597603666
23.265570123281758 -0.690138735099326 0.214879460700880
23.305961738079123 -0.695460481741305 0.215907765412108
23.346353352876488 -0.700534753348241 0.216884738880099
23.386744967673852 -0.705362751545840 0.217809990935527
23.427136582471213 -0.709947621083397 0.218680318027459
23.467528197268582 -0.714269189880387 0.219491139216043
23.507919812065946 -0.718342715727422 0.220241247873244
23.548311426863307 -0.722155131201760 0.220927283293702
23.588703041660672 -0.725703357283607 0.221544335380363
23.629094656458037 -0.728990394615982 0.222091890815675
23.669486271255401 -0.732008788532108 0.222563906483012
23.709877886052762 -0.734758173874404 0.222959251584672
23.750269500850131 -0.737237335684615 0.223272498084724
23.790661115647492 -0.739441404047704 0.223501882229983
23.831052730444856 -0.741370866437687 0.223641812794926
23.871444345242221 -0.743025371127437 0.223690858672494
23.911835960039586 -0.744397108952719 0.223642631839508
23.952227574836950 -0.745492129161464 0.223496192073857
23.992619189634315 -0.746304588566927 0.223244340321262
24.033010804431679 -0.746835922454230 0.222886584282068
24.073402419229041 -0.747082392348233 0.222415705480193
24.113794034026409 -0.747047265455961 0.221830556798586
24.154185648823770 -0.746726059756870 0.221124283813191
24.194577263621134 -0.746122473268342 0.220295374914544
24.234968878418499 -0.745231963347793 0.219336404750928
