0.000000000000000 -0.617178319667017 0.195852302805655
0.034685318509486 -0.612930265990270 0.195110474199841
0.069370637018972 -0.608584149956496 0.194261286296732
0.104055955528457 -0.604078179494539 0.193329417012966
0.138741274037943 -0.599455818622677 0.192293083228585
0.173426592547429 -0.594686887739286 0.191163459972524
0.208111911056915 -0.589798259174069 0.189926334332602
0.242797229566400 -0.584770704757425 0.188587839425580
0.277482548075886 -0.579623588515397 0.187137252867801
0.312167866585372 -0.574343862410161 0.185578165641727
0.346853185094858 -0.568946379035234 0.183901773176589
0.381538503604343 -0.563421696455675 0.182110071113560
0.416223822113829 -0.557782642072986 0.180195742865590
0.450909140623315 -0.552021791502754 0.178159623696486
0.485594459132801 -0.546150280244098 0.175995333073770
0.520279777642287 -0.540162493468436 0.173703019790963
0.554965096151772 -0.534068856356606 0.171277208978364
0.589650414661258 -0.527864735933222 0.168717448601919
0.624335733170744 -0.521559673803226 0.166018842617255
0.659021051680230 -0.515150622087854 0.163180858270855
0.693706370189715 -0.508646246830563 0.160199024007622
0.728391688699201 -0.502044317887222 0.157072618062799
0.763077007208687 -0.495353178581956 0.153797712420422
0.797762325718173 -0.488571858067871 0.150373804915773
0.832447644227658 -0.481707735727813 0.146797138674454
0.867132962737144 -0.474760781924100 0.143067428088520
0.901818281246630 -0.467738368940035 0.139181525787333
0.936503599756116 -0.460640578452948 0.135139063663203
0.971188918265601 -0.453475442912189 0.130937883512223
1.005874236775087 -0.446242960972905 0.126577534886093
1.040559555284573 -0.438950993961610 0.122056388899521
1.075244873794059 -0.431600202227939 0.117374430205229
1.109930192303545 -0.424198949843231 0.112531036329620
1.144615510813030 -0.416747110974137 0.107525810515023
1.179300829322516 -0.409253905773700 0.102359407425410
1.213986147832002 -0.401719641715672 0.097031940561150
1.248671466341488 -0.394152613015494 0.091544190649696
1.283356784850973 -0.386554477733513 0.085897525050539
1.318042103360459 -0.378932867969796 0.080093053249364
1.352727421869945 -0.371289917475111 0.074132899751228
1.387412740379431 -0.363632765523781 0.068018613200654
1.422098058888917 -0.355964489513285 0.061753555519378
1.456783377398402 -0.348291757639732 0.055339771459677
1.491468695907888 -0.340617724732579 0.048781265406596
1.526154014417374 -0.332949517425231 0.042081384455679
1.560839332926860 -0.325289575018609 0.035244159514352
1.595524651436345 -0.317645673673129 0.028274472605171
1.630209969945831 -0.310019452716863 0.021176302080092
1.664895288455317 -0.302419110354598 0.013955920512910
1.699580606964803 -0.294846986164549 0.006618703486959
1.734265925474289 -0.287309378241462 -0.000829863232700
1.768951243983774 -0.279810110958581 -0.008382198123099
1.803636562493260 -0.272354283022848 -0.016033002903856
1.838321881002746 -0.264947239076334 -0.023772278801121
1.873007199512232 -0.257591744132567 -0.031596170421108
1.907692518021718 -0.250293024684115 -0.039493989134593
1.942377836531203 -0.243056595543022 -0.047457964848877
1.977063155040689 -0.235884039616770 -0.055480501912192
2.011748473550174 -0.228782099460752 -0.063551543453343
2.046433792059660 -0.221752510206000 -0.071662552766504
2.081119110569146 -0.214799767948187 -0.079805125597798
2.115804429078632 -0.207928162271557 -0.087967032879843
2.150489747588118 -0.201140406122684 -0.096141086066180
2.185175066097603 -0.194439520789159 -0.104315891324950
2.219860384607089 -0.187829897145112 -0.112481486683712
2.254545703116575 -0.181312615865662 -0.120628234726142
2.289231021626061 -0.174892242035748 -0.128745282449510
2.323916340135547 -0.168570051352698 -0.136822245280979
2.358601658645032 -0.162349409152962 -0.144849190752465
2.393286977154518 -0.156231525506933 -0.152815430727241
2.427972295664004 -0.150219620390977 -0.160710744544891
2.462657614173490 -0.144315100898516 -0.168523868422136
2.497342932682976 -0.138518559525443 -0.176247713023559
2.532028251192461 -0.132833173504821 -0.183868485764944
2.566713569701947 -0.127259842332045 -0.191378449662853
2.601398888211433 -0.121798927227472 -0.198767503530309
2.636084206720918 -0.116452759814378 -0.206025893827394
2.670769525230404 -0.111220464056630 -0.213145244434860
2.705454843739890 -0.106103964312914 -0.220116370602771
2.740140162249376 -0.101103490084898 -0.226929556388648
2.774825480758862 -0.096219440310633 -0.233577824526842
2.809510799268347 -0.091451326274307 -0.240052712449151
2.844196117777833 -0.086799907830079 -0.246346986971392
2.878881436287319 -0.082265061646002 -0.252452072226585
2.913566754796805 -0.077846230134600 -0.258362857121981
2.948252073306291 -0.073543428246340 -0.264071055546726
2.982937391815776 -0.069355484317672 -0.269572783989387
3.017622710325262 -0.065282029539362 -0.274860801684737
3.052308028834748 -0.061323556630231 -0.279929574873822
3.086993347344233 -0.057477177669100 -0.284775748611860
3.121678665853719 -0.053743591848013 -0.289394077483398
3.156363984363205 -0.050120733408347 -0.293780797729629
3.191049302872691 -0.046608783805294 -0.297932009788567
3.225734621382177 -0.043204832065840 -0.301845622039060
3.260419939891662 -0.039908824436996 -0.305518643794559
3.295105258401148 -0.036719597182336 -0.308947754666765
3.329790576910634 -0.033634718217023 -0.312133305636238
3.364475895420120 -0.030653133658020 -0.315072517376562
3.399161213929606 -0.027774154861904 -0.317764650243889
3.433846532439091 -0.024995056562015 -0.320209399377417
3.468531850948577 -0.022315128239919 -0.322406712984588
3.503217169458063 -0.019732005834749 -0.324356632566964
3.537902487967549 -0.017244494808078 -0.326060199395621
3.572587806477034 -0.014850415314238 -0.327517951559558
3.607273124986520 -0.012549000649009 -0.328731420118204
3.641958443496006 -0.010337362518318 -0.329702236601245
3.676643762005492 -0.008214661339161 -0.330432630417137
3.711329080514977 -0.006177925952042 -0.330924669997446
3.746014399024464 -0.004226922426721 -0.331181149064662
3.780699717533949 -0.002358412086709 -0.331204713183168
3.815385036043435 -0.000571535696636 -0.330998875375475
3.850070354552921 0.001135990088102 -0.330566676487714
3.884755673062406 0.002765891479255 -0.329912082146227
3.919440991571892 0.004319869458411 -0.329038734668448
3.954126310081378 0.005799743808100 -0.327951022368063
3.988811628590864 0.007207463710340 -0.326652919539344
4.023496947100349 0.008544705922392 -0.325149146483430
4.058182265609836 0.009813326081257 -0.323444170049996
4.092867584119321 0.011015011344398 -0.321542957726759
4.127552902628807 0.012151509309336 -0.319450548755933
4.162238221138293 0.013224699862791 -0.317171705657124
4.196923539647779 0.014236143111693 -0.314712119611902
4.231608858157264 0.015187483160715 -0.312077280299282
4.266294176666750 0.016080683215075 -0.309272155204843
4.300979495176236 0.016917154334631 -0.306302833936665
4.335664813685722 0.017698748812640 -0.303174736240562
4.370350132195207 0.018426882963642 -0.299894124312047
4.405035450704694 0.019103421972669 -0.296466352630567
4.439720769214179 0.019729727299721 -0.292897958677304
4.474406087723664 0.020307490176671 -0.289195304340867
4.509091406233151 0.020838214730114 -0.285364214078088
4.543776724742636 0.021323567050603 -0.281411023646429
4.578462043252122 0.021764863868382 -0.277342973359472
4.613147361761608 0.022163831899795 -0.273165996620438
4.647832680271094 0.022521774164146 -0.268887683859518
4.682517998780579 0.022840380128487 -0.264514226538706
4.717203317290065 0.023120940885406 -0.260053878504955
4.751888635799551 0.023365141068797 -0.255512955844479
4.786573954309037 0.023574297149655 -0.250900198683889
4.821259272818522 0.023750066872667 -0.246223074983611
4.855944591328009 0.023893865167798 -0.241489855545575
4.890629909837494 0.024007350363731 -0.236710010647746
4.925315228346980 0.024092055163130 -0.231891684845838
4.960000546856466 0.024149741332758 -0.227045547223320
4.994685865365952 0.024182091924997 -0.222180306610453
5.029371183875437 0.024191060917613 -0.217308217735622
5.064056502384923 0.024178584442847 -0.212439264673275
5.098741820894409 0.024146930515616 -0.207585815808368
5.133427139403894 0.024098421367751 -0.202759558728370
5.168112457913380 0.024035781278045 -0.197973513231332
5.202797776422866 0.023961887891396 -0.193240310112037
5.237483094932352 0.023880062662686 -0.188572496333882
5.272168413441837 0.023793881817478 -0.183983162868703
5.306853731951324 0.023707351548704 -0.179483332620905
5.341539050460809 0.023624758353504 -0.175084545009354
5.376224368970295 0.023550732703778 -0.170795656452979
5.410909687479781 0.023490070983006 -0.166624487142933
5.445595005989267 0.023447727863048 -0.162576512230890
5.480280324498752 0.023428620785183 -0.158655384702939
5.514965643008238 0.023437564878401 -0.154862513595173
5.549650961517724 0.023479137271165 -0.151197427609755
5.584336280027209 0.023557591443094 -0.147658231285357
5.619021598536695 0.023676822902535 -0.144241648754245
5.653706917046181 0.023840286298370 -0.140943476739954
5.688392235555667 0.024051065075809 -0.137758989869802
5.723077554065152 0.024311792533767 -0.134682901212863
5.757762872574639 0.024624803027519 -0.131709976174108
5.792448191084124 0.024992006766148 -0.128834925465875
5.827133509593610 0.025415137744158 -0.126052627063995
5.861818828103096 0.025895564161133 -0.123358116155601
5.896504146612582 0.026434568879429 -0.120746858883819
5.931189465122067 0.027033145583671 -0.118214385423448
5.965874783631553 0.027692267866104 -0.115756836949073
6.000560102141039 0.028412657853277 -0.113370385176415
6.035245420650525 0.029195119620959 -0.111051697161040
6.069930739160010 0.030040204625417 -0.108797529114552
6.104616057669496 0.030948599948055 -0.106605104937811
6.139301376178982 0.031920737901151 -0.104471695995972
6.173986694688467 0.032957240287523 -0.102394976723777
6.208672013197954 0.034058509270525 -0.100372552817404
6.243357331707439 0.035225082978483 -0.098402568343450
6.278042650216925 0.036457307209580 -0.096482969816566
6.312727968726410 0.037755764420060 -0.094612094788872
6.347413287235897 0.039120657185750 -0.092788310341089
6.382098605745382 0.040552724588061 -0.091009975007883
6.416783924254868 0.042051967845765 -0.089275872148965
6.451469242764354 0.043618962805966 -0.087584708296807
6.486154561273840 0.045254075737891 -0.085934960017833
6.520839879783325 0.046957803955786 -0.084325607447214
6.555525198292812 0.048729802878784 -0.082755861345320
6.590210516802297 0.050571375447440 -0.081224050437402
6.624895835311783 0.052481847983811 -0.079729720792452
6.659581153821268 0.054462149048062 -0.078271611082009
6.694266472330754 0.056512268365531 -0.076848759740958
6.728951790840240 0.058631946020815 -0.075460798608994
6.763637109349725 0.060822291100500 -0.074106024735799
6.798322427859212 0.063082364765733 -0.072784508312559
6.833007746368697 0.065413163449647 -0.071494669402645
6.867693064878182 0.067814193369981 -0.070236280005811
6.902378383387670 0.070285622389889 -0.069008256061473
6.937063701897155 0.072827536590252 -0.067810033021526
6.971749020406640 0.075439549444612 -0.066640805057881
7.006434338916126 0.078122034251016 -0.065499867139313
7.041119657425613 0.080874050450951 -0.064386629676987
7.075804975935098 0.083696492403287 -0.063300179753471
7.110490294444583 0.086587801058614 -0.062240138051829
7.145175612954069 0.089549230779550 -0.061205480266297
7.179860931463556 0.092578894176992 -0.060195901695368
7.214546249973041 0.095677414778137 -0.059210602503411
7.249231568482527 0.098843745205072 -0.058248953363117
7.283916886992012 0.102078297522489 -0.057310254261018
7.318602205501497 0.105379110726932 -0.056394111708015
7.353287524010984 0.108747350341953 -0.055499617754492
7.387972842520470 0.112180252492632 -0.054626554852557
7.422658161029955 0.115679618181086 -0.053773876677797
7.457343479539441 0.119242527494875 -0.052941372412532
7.492028798048928 0.122869439943062 -0.052128332753324
7.526714116558413 0.126559380770330 -0.051334069312731
7.561399435067898 0.130310847043100 -0.050558317402977
7.596084753577384 0.134123685266119 -0.049800201839231
7.630770072086871 0.137996921772810 -0.049059352710152
7.665455390596356 0.141928711980167 -0.048335229980402
7.700140709105842 0.145919006546295 -0.047627277111237
7.734826027615327 0.149966275664104 -0.046934902013492
7.769511346124812 0.154068849140133 -0.046257830876960
7.804196664634299 0.158226329135334 -0.045595273987983
7.838881983143785 0.162438318199234 -0.044946771510565
7.873567301653270 0.166700317041450 -0.044312172001682
7.908252620162756 0.171015282003942 -0.043690507025457
7.942937938672243 0.175379009689585 -0.043081586897671
7.977623257181728 0.179791054711037 -0.042484952587241
8.012308575691213 0.184249801198131 -0.041900036415302
8.046993894200698 0.188754286090406 -0.041326468731685
8.081679212710185 0.193302492281511 -0.040763742357663
8.116364531219672 0.197893279953194 -0.040211516521670
8.151049849729157 0.202524803244786 -0.039669269207735
8.185735168238642 0.207196526478673 -0.039136603161563
8.220420486748129 0.211904300540159 -0.038613264276535
8.255105805257614 0.216650505492949 -0.038098542231713
8.289791123767099 0.221430388711216 -0.037592261929675
8.324476442276586 0.226242417123265 -0.037094143673778
8.359161760786071 0.231087980624682 -0.036603374634495
8.393847079295558 0.235960987561052 -0.036120157670526
8.428532397805043 0.240862817610522 -0.035643693914931
8.463217716314528 0.245791111346127 -0.035173821370657
8.497903034824013 0.250744445619456 -0.034710042848721
8.532588353333500 0.255718297675641 -0.034252396493363
8.567273671842987 0.260716209991198 -0.033799943551713
8.601958990352472 0.265730404733123 -0.033353027039285
8.636644308861957 0.270764192908605 -0.032910752221743
8.671329627371444 0.275812951037605 -0.032473185247406
8.706014945880929 0.280875291500493 -0.032039865043427
8.740700264390414 0.285951260946733 -0.031610462424458
8.775385582899901 0.291034186556658 -0.031184979141100
8.810070901409388 0.296128983295897 -0.030762690567217
8.844756219918873 0.301227832302082 -0.030343705749053
8.879441538428358 0.306333521550627 -0.029927495693106
8.914126856937843 0.311440906461743 -0.029513958075403
8.948812175447328 0.316549532652885 -0.029102843665586
8.983497493956815 0.321658138073278 -0.028693748546928
9.018182812466302 0.326763206058065 -0.028286683620650
9.052868130975787 0.331865147996257 -0.027881125854045
9.087553449485272 0.336959918736469 -0.027477140448791
9.122238767994759 0.342047103554446 -0.027074284208271
9.156924086504244 0.347124685360018 -0.026672474607016
9.191609405013729 0.352190814215499 -0.026271396457262
9.226294723523216 0.357242623203035 -0.025871046788203
9.260980042032703 0.362280651356321 -0.025470935369973
9.295665360542188 0.367300781090797 -0.025071171780034
9.330350679051673 0.372302197398570 -0.024671385930546
9.365035997561158 0.377283261826092 -0.024271504269202
9.399721316070645 0.382242334012307 -0.023871235374456
9.434406634580130 0.387177125816520 -0.023470570420884
9.469091953089617 0.392087024168900 -0.023069147215361
9.503777271599102 0.396968529963617 -0.022667070287999
9.538462590108587 0.401821295758898 -0.022263968212872
9.573147908618074 0.406643746530242 -0.021859798971530
9.607833227127559 0.411432453660659 -0.021454461283860
9.642518545637044 0.416188411020633 -0.021047709616095
9.677203864146531 0.420907322383017 -0.020639529906532
9.711889182656018 0.425589694565287 -0.020229729028600
9.746574501165503 0.430232944636607 -0.019818158221809
9.781259819674988 0.434835356233035 -0.019404829915328
9.815945138184473 0.439395668100356 -0.018989492304495
9.850630456693960 0.443911836731625 -0.018572201547255
9.885315775203445 0.448383331516039 -0.018152648052202
9.920001093712932 0.452807279155119 -0.017730979358456
9.954686412222417 0.457183291992858 -0.017306882521197
9.989371730731904 0.461509429822012 -0.016880430491358
10.024057049241389 0.465784056624635 -0.016451440961423
10.058742367750874 0.470006469544962 -0.016019877734654
10.093427686260359 0.474174040601175 -0.015585669270317
10.128113004769846 0.478286060239003 -0.015148796162864
10.162798323279333 0.482340992564958 -0.014709084427207
10.197483641788818 0.486337799325867 -0.014266560299096
10.232168960298303 0.490275279503698 -0.013821017015125
10.266854278807788 0.494150411895951 -0.013372724352914
10.301539597317275 0.497964044739502 -0.012921253440420
10.336224915826760 0.501713483032585 -0.012466851510378
10.370910234336247 0.505398861596512 -0.012009168801797
10.405595552845732 0.509016223552116 -0.011548641501751
10.440280871355219 0.512568979012136 -0.011084498494345
10.474966189864704 0.516050589340068 -0.010617535551290
10.509651508374189 0.519463405217414 -0.010147121069857
10.544336826883674 0.522804345428689 -0.009673629124751
10.579022145393161 0.526074167606319 -0.009196623089187
10.613707463902648 0.529269920890150 -0.008716489326751
10.648392782412133 0.532392601897856 -0.008232744271827
10.683078100921618 0.535438603106365 -0.007745908928179
10.717763419431103 0.538408088162571 -0.007255639249356
10.752448737940590 0.541301056031729 -0.006761895600615
10.787134056450075 0.544113956528227 -0.006264950620116
10.821819374959562 0.546848474138370 -0.005764496414106
10.856504693469047 0.549502204019306 -0.005260609978606
10.891190011978534 0.552074614024528 -0.004753390512587
10.925875330488019 0.554564229829214 -0.004242771488924
10.960560648997504 0.556970741163682 -0.003728827003332
10.995245967506989 0.559293365930020 -0.003211342591220
11.029931286016476 0.561530620955875 -0.002690665133294
11.064616604525963 0.563682039650302 -0.002166524899541
11.099301923035448 0.565747137379443 -0.001639057166913
11.133987241544933 0.567724732999832 -0.001108149428047
11.168672560054418 0.569613741865699 -0.000574143432752
11.203357878563905 0.571413872089480 -0.000036701612222
11.238043197073390 0.573124595707886 0.000503976474656
11.272728515582877 0.574744993227768 0.001048074998983
11.307413834092362 0.576274151934701 0.001595211510865
11.342099152601849 0.577711613877593 0.002145720317663
11.376784471111334 0.579056221494626 0.002699033275369
11.411469789620819 0.580308710028034 0.003256023942153
11.446155108130304 0.581467272835020 0.003815817746499
11.480840426639791 0.582531361057440 0.004378689752030
11.515525745149278 0.583501653180323 0.004944922061496
11.550211063658763 0.584375700615404 0.005513771256865
11.584896382168248 0.585154765790990 0.006085808035765
11.619581700677735 0.585837230785330 0.006660763024660
11.654267019187220 0.586423510717689 0.007238710602774
11.688952337696705 0.586912304362904 0.007819526807568
11.723637656206192 0.587303942129044 0.008403153456311
11.758322974715677 0.587597310887839 0.008989582240712
11.793008293225164 0.587792737272902 0.009578541877978
11.827693611734649 0.587889290602887 0.010170546255253
11.862378930244134 0.587887184019292 0.010765194229878
11.897064248753619 0.587785529559572 0.011362129729387
11.931749567263106 0.587584650133653 0.011961949252760
11.966434885772593 0.587283641544566 0.012564180485673
12.001120204282078 0.586882922005160 0.013168939534489
12.035805522791563 0.586381607410381 0.013776095631747
12.070490841301050 0.585780112200020 0.014385705439757
12.105176159810535 0.585077670453125 0.014997594628824
12.139861478320020 0.584274713869689 0.015611819817981
12.174546796829505 0.583370548208280 0.016228221209574
12.209232115338992 0.582365596461557 0.016846865465684
12.243917433848479 0.581259190681907 0.017467618290756
12.278602752357964 0.580051716004818 0.018090552430694
12.313288070867449 0.578742922664019 0.018715370332330
12.347973389376934 0.577332753700082 0.019342359731472
12.382658707886421 0.575821057001630 0.019971208862536
12.417344026395908 0.574208378766978 0.020601941022043
12.452029344905393 0.572494223535289 0.021234451684141
12.486714663414878 0.570678634455539 0.021868925288171
12.521399981924365 0.568761967557695 0.022504973971345
12.556085300433850 0.566744573418905 0.023142700489555
12.590770618943335 0.564625621751238 0.023782129649585
12.625455937452820 0.562405782407122 0.024423239072357
12.660141255962309 0.560085807868127 0.025065620646563
12.694826574471794 0.557664640144233 0.025709752270788
12.729511892981279 0.555143116081812 0.026355213270246
12.764197211490764 0.552522106633137 0.027001978012183
12.798882530000249 0.549800416442528 0.027650174481093
12.833567848509736 0.546979788335477 0.028299560876937
12.868253167019221 0.544058988396887 0.028950278220212
12.902938485528708 0.541039418599901 0.029602172565221
12.937623804038193 0.537920653400472 0.030255213051856
12.972309122547680 0.534703796961890 0.030909326948221
13.006994441057165 0.531388904085897 0.031564396733518
13.041679759566650 0.527976014346414 0.032220577253045
13.076365078076135 0.524464884471421 0.032877794884860
13.111050396585624 0.520858320292764 0.033535695407182
13.145735715095109 0.517153994495683 0.034194616371125
13.180421033604594 0.513354477371430 0.034854250314400
13.215106352114079 0.509457871577187 0.035514846600297
13.249791670623566 0.505467371207618 0.036176017148380
13.284476989133051 0.501381393055825 0.036837953306075
13.319162307642536 0.497201567330416 0.037500545423686
13.353847626152023 0.492928267750427 0.038163676236271
13.388532944661508 0.488560946078916 0.038827576215371
13.423218263170995 0.484102479176905 0.039491759812290
13.457903581680480 0.479551546480855 0.040156582464424
13.492588900189965 0.474906929783793 0.040822159689591
13.527274218699450 0.470175785772225 0.041487629044501
13.561959537208937 0.465350593236951 0.042154009235505
13.596644855718424 0.460439616928365 0.042820317783838
13.631330174227909 0.455436755187943 0.043487344243854
13.666015492737394 0.450347877139875 0.044154465654773
13.700700811246879 0.445171282072797 0.044821880533735
13.735386129756364 0.439907090307232 0.045489727637241
13.770071448265853 0.434556251853902 0.046157863638389
13.804756766775339 0.429123655260770 0.046825834765854
13.839442085284825 0.423604645885910 0.047494221054943
13.874127403794310 0.418000840241647 0.048162966608807
13.908812722303795 0.412317410901205 0.048831451145156
13.943498040813280 0.406549085737666 0.049500462790455
13.978183359322765 0.400701137693531 0.050169384473130
14.012868677832252 0.394773630853338 0.050838376705475
14.047553996341737 0.388766113423033 0.051507499929511
14.082239314851225 0.382680665247103 0.052176686354709
14.116924633360711 0.376515829558664 0.052846092109710
14.151609951870196 0.370278264376474 0.053515193757949
14.186295270379681 0.363961233693831 0.054184701938743
14.220980588889166 0.357571521873969 0.054854087824470
14.255665907398653 0.351107980033732 0.055523486700673
14.290351225908138 0.344570996346608 0.056193034897805
14.325036544417623 0.337963916811534 0.056862418437516
14.359721862927112 0.331285027554761 0.057531990644706
14.394407181436597 0.324535705000464 0.058201634268164
14.429092499946082 0.317720724023443 0.058871070563013
14.463777818455567 0.310834627648947 0.059540872936459
14.498463136965054 0.303885142902354 0.060210473937127
14.533148455474539 0.296869050978354 0.060880219852188
14.567833773984024 0.289787868595750 0.061550160181935
14.602519092493509 0.282645617920262 0.062219974556411
14.637204411002994 0.275440350358549 0.062889999104152
14.671889729512483 0.268173768700967 0.063560191497635
14.706575048021968 0.260849489038239 0.064230353655498
14.741260366531455 0.253463848945861 0.064900911137753
14.775945685040940 0.246023994567410 0.065571405738445
14.810631003550425 0.238525910033781 0.066242284543709
14.845316322059910 0.230974766055659 0.066913253488059
14.880001640569395 0.223368622578440 0.067584587775347
14.914686959078882 0.215711005940233 0.068256141527580
14.949372277588369 0.208001693004244 0.068928053877246
14.984057596097855 0.200242723611600 0.069600341698271
15.018742914607341 0.192436058601720 0.070272902291176
15.053428233116826 0.184581364039687 0.070946000069288
15.088113551626311 0.176680668373740 0.071619544454691
15.122798870135796 0.168736677625868 0.072293513300369
15.157484188645283 0.160746938875032 0.072968204041792
15.192169507154768 0.152718092497158 0.073643292384314
15.226854825664253 0.144645785820890 0.074319220659937
15.261540144173741 0.136537514151746 0.074995605921133
15.296225462683227 0.128388156599992 0.075672993958371
15.330910781192712 0.120204798677645 0.076350991876100
15.365596099702197 0.111984903356666 0.077029933652577
15.400281418211684 0.103733521782940 0.077709617444869
15.434966736721169 0.095446235029428 0.078390542430489
15.469652055230654 0.087131393651861 0.079072282685837
15.504337373740139 0.078785394556281 0.079755207229982
15.539022692249624 0.070413154568044 0.080439172290973
15.573708010759113 0.062012727777601 0.081124476645764
15.608393329268598 0.053587605409667 0.081811036719113
15.643078647778085 0.045139769230433 0.082498897755136
15.677763966287570 0.036668291132531 0.083188319983113
15.712449284797055 0.028178670454936 0.083878989871987
15.747134603306540 0.019668392518923 0.084571426460889
15.781819921816025 0.011141269700206 0.085265397366965
15.816505240325512 0.002595523521378 0.085961338389945
15.851190558834999 -0.005960444898159 0.086658698840319
15.885875877344485 -0.014532731214072 0.087358239355056
15.920561195853971 -0.023113907031986 0.088059493409023
15.955246514363456 -0.031709061600164 0.088763132094709
15.989931832872941 -0.040308168763076 0.089468587463744
16.024617151382426 -0.048917002423639 0.090176463997524
16.059302469891911 -0.057529182664357 0.090886492877275
16.093987788401396 -0.066146089035851 0.091598994669379
16.128673106910881 -0.074765224619616 0.092314000938054
16.163358425420370 -0.083385843769754 0.093031657999859
16.198043743929858 -0.092002679810019 0.093751688317946
16.232729062439343 -0.100619252205903 0.094474761037476
16.267414380948829 -0.109231469838633 0.095200625750829
16.302099699458314 -0.117836086649820 0.095929283242988
16.336785017967799 -0.126434986154251 0.096661147413697
16.371470336477284 -0.135024112058480 0.097396061179968
16.406155654986769 -0.143603308949973 0.098134311505736
16.440840973496258 -0.152169873980799 0.098875809967375
16.475526292005743 -0.160722306352524 0.099620736509944
16.510211610515228 -0.169259184282401 0.100369158865702
16.544896929024713 -0.177779161973948 0.101121290386233
16.579582247534198 -0.186280756205499 0.101877082789429
16.614267566043683 -0.194762261241788 0.102636820748583
16.648952884553172 -0.203219621964489 0.103400200963791
16.683638203062657 -0.211656011637015 0.104167834775631
16.718323521572142 -0.220065533920745 0.104939486528742
16.753008840081630 -0.228447979200288 0.105715387665495
16.787694158591115 -0.236802908143354 0.106495508769451
16.822379477100601 -0.245127242731660 0.107280164326821
16.857064795610086 -0.253419740987794 0.108069287162610
16.891750114119571 -0.261678672941583 0.108863001363475
16.926435432629056 -0.269902600137634 0.109661344709540
16.961120751138541 -0.278089247860581 0.110464443781185
16.995806069648026 -0.286237252167727 0.111272437075551
17.030491388157515 -0.294347080188134 0.112085578866955
17.065176706667000 -0.302413052945508 0.112903438510886
17.099862025176488 -0.310436329961083 0.113726702735963
17.134547343685973 -0.318415461357330 0.114554985488479
17.169232662195459 -0.326347876714126 0.115388773843534
17.203917980704944 -0.334229424714474 0.116227610162102
17.238603299214429 -0.342065186794956 0.117072308702035
17.273288617723914 -0.349845637021825 0.117922175108930
17.307973936233399 -0.357576158058440 0.118777880178776
17.342659254742887 -0.365251033391034 0.119639269825117
17.377344573252373 -0.372868446563302 0.120506228688606
17.412029891761858 -0.380425879309194 0.121378793227104
17.446715210271343 -0.387928475809818 0.122257619901212
17.481400528780828 -0.395367153996698 0.123142189902780
17.516085847290313 -0.402742638449274 0.124032618125036
17.550771165799802 -0.410054377176734 0.124929014989996
17.585456484309287 -0.417299987891947 0.125831594634726
17.620141802818775 -0.424478547485595 0.126740084869632
17.654827121328260 -0.431586007061794 0.127654584283653
17.689512439837745 -0.438626301415742 0.128575684662044
17.724197758347231 -0.445588481437183 0.129502083564246
17.758883076856716 -0.452481533262646 0.130435516686987
17.793568395366201 -0.459297193979136 0.131374191395529
17.828253713875686 -0.466036115081969 0.132319444357907
17.862939032385171 -0.472693551245440 0.133270941429440
17.897624350894656 -0.479274392998471 0.134228159571335
17.932309669404145 -0.485774418291791 0.135191803040252
17.966994987913630 -0.492188081249939 0.136161241944423
18.001680306423115 -0.498517365913000 0.137136712876947
18.036365624932603 -0.504761479212253 0.138118221030317
18.071050943442089 -0.510916221814270 0.139105340988788
18.105736261951574 -0.516984523952540 0.140098197808125
18.140421580461059 -0.522955611986512 0.141097119139493
18.175106898970544 -0.528840219569378 0.142101590420036
18.209792217480032 -0.534630915752773 0.143110996966598
18.244477535989517 -0.540323027078478 0.144126241931497
18.279162854499003 -0.545920936864470 0.145146843058016
18.313848173008488 -0.551420893935193 0.146172033943376
18.348533491517973 -0.556822463474829 0.147202536708035
18.383218810027458 -0.562120629602651 0.148237298625042
18.417904128536943 -0.567312563677332 0.149277501017018
18.452589447046432 -0.572407178878943 0.150321289488972
18.487274765555917 -0.577392984124932 0.151369860430428
18.521960084065405 -0.582274791977235 0.152421682738292
18.556645402574890 -0.587046409167630 0.153477472244207
18.591330721084375 -0.591709669486449 0.154536651041782
18.626016039593861 -0.596265174469729 0.155598560145566
18.660701358103346 -0.600704668888349 0.156664022254669
18.695386676612831 -0.605031032095595 0.157731440097439
18.730071995122316 -0.609242151271385 0.158801517087377
18.764757313631801 -0.613343925139395 0.159872046166503
18.799442632141290 -0.617322073348079 0.160945306810249
18.834127950650775 -0.621185114819219 0.162018414342472
18.868813269160260 -0.624929711125080 0.163092478510688
18.903498587669745 -0.628552684849644 0.164166893896477
18.938183906179233 -0.632056018778968 0.165240640985881
18.972869224688719 -0.635425960224226 0.166314352994325
19.007554543198204 -0.638688345163420 0.167385264465255
19.042239861707689 -0.641812012503146 0.168454544218830
19.076925180217174 -0.644813513701860 0.169521712439969
19.111610498726662 -0.647688023275006 0.170585181415556
19.146295817236147 -0.650437339280305 0.171644380675956
19.180981135745633 -0.653046034691477 0.172700921216300
19.215666454255118 -0.655541633858780 0.173749619508022
19.250351772764603 -0.657885002895737 0.174794847376191
19.285037091274088 -0.660110831007705 0.175832393923441
19.319722409783573 -0.662197639360793 0.176861720656164
19.354407728293062 -0.664148147450028 0.177884305747663
19.389093046802547 -0.665974376084844 0.178895199507033
19.423778365312035 -0.667647884402692 0.179898228531902
19.458463683821520 -0.669200957565939 0.180888081171176
19.493149002331005 -0.670607216855125 0.181866859798815
19.527834320840491 -0.671873430912927 0.182833364553105
19.562519639349976 -0.673003304423269 0.183784352903184
19.597204957859461 -0.673989188532525 0.184722179319000
19.631890276368946 -0.674830601791615 0.185643881825117
19.666575594878431 -0.675551058988521 0.186542422040524
19.701260913387920 -0.676112051755789 0.187425957583981
19.735946231897405 -0.676519944476311 0.188292887409807
19.770631550406890 -0.676794717589504 0.189135976211243
19.805316868916375 -0.676931139119200 0.189954464768479
19.840002187425863 -0.676917057744258 0.190751214250688
19.874687505935348 -0.676761884301713 0.191520582042265
19.909372824444834 -0.676472627416885 0.192259254243056
19.944058142954319 -0.676016666066994 0.192975687891038
19.978743461463807 -0.675416517808684 0.193660220498812
20.013428779973292 -0.674676404185015 0.194312701055452
20.048114098482777 -0.673789270629408 0.194928985523406
20.082799416992263 -0.672753631576115 0.195512406155544
20.117484735501748 -0.671579728239271 0.196055248090266
20.152170054011233 -0.670218845145751 0.196571015658128
20.186855372520718 -0.668784631788111 0.197021951911566
20.221540691030203 -0.667150920402963 0.197447461729569
20.256226009539692 -0.665360957211529 0.197828033512103
20.290911328049177 -0.663460122535519 0.198152936034028
20.325596646558665 -0.661388732633522 0.198432302286051
20.360281965068150 -0.659156453239122 0.198672156778540
20.394967283577635 -0.656816039386345 0.198835950765667
20.429652602087121 -0.654297960604284 0.198959428645464
20.464337920596606 -0.651642801510102 0.199020877075808
20.499023239106091 -0.648874723813814 0.199004623957695
20.533708557615576 -0.645861624984866 0.198972194657009
20.568393876125061 -0.642826074003994 0.198814704571816
20.603079194634550 -0.639540198215971 0.198645492348578
20.637764513144035 -0.636196838433646 0.198358766689556
20.672449831653520 -0.632673286074338 0.198015717694953
20.707135150163005 -0.629013952054834 0.197590510411636
20.741820468672493 -0.625198171129668 0.197101269497003
20.776505787181978 -0.621245633357526 0.196528705194406
20.811191105691464 -0.617178319667017 0.195852302805655
