0.000000000000000 -1.140808618080365 0.078086649922685
0.050834506773104 -1.138129951864538 0.073461155122397
0.101669013546209 -1.135056804174742 0.068716859918965
0.152503520319313 -1.131595291739512 0.063844669807320
0.203338027092417 -1.127742786580686 0.058851653714092
0.254172533865521 -1.123504878479959 0.053729719814265
0.305007040638626 -1.118879275827001 0.048484362976172
0.355841547411730 -1.113875692594990 0.043113119287247
0.406676054184834 -1.108487124387647 0.037614748513176
0.457510560957938 -1.102729296869313 0.031993466605157
0.508345067731043 -1.096585251356064 0.026237893920107
0.559179574504147 -1.090082922149471 0.020363940224378
0.610014081277251 -1.083208325596111 0.014362198416150
0.660848588050355 -1.075970804276212 0.008231931657215
0.711683094823460 -1.068374646480611 0.001979696539767
0.762517601596564 -1.060428151491798 -0.004396323475323
0.813352108369668 -1.052123288106491 -0.010899997703991
0.864186615142773 -1.043482060879746 -0.017521792340085
0.915021121915877 -1.034498690198692 -0.024264446099737
0.965855628688981 -1.025181499633996 -0.031128656602420
1.016690135462085 -1.015537847244205 -0.038107510069052
1.067524642235189 -1.005566074522540 -0.045208557698360
1.118359149008294 -0.995280699497442 -0.052420078826509
1.169193655781398 -0.984681498073480 -0.059748100986316
1.220028162554502 -0.973789876393510 -0.067176804247333
1.270862669327607 -0.962586988676807 -0.074724339240598
1.321697176100711 -0.951097582439683 -0.082372743226273
1.372531682873815 -0.939333907940745 -0.090118901653636
1.423366189646919 -0.927273222205537 -0.097976553629930
1.474200696420024 -0.914979824199127 -0.105908246442731
1.525035203193128 -0.902383645975216 -0.113958139273662
1.575869709966232 -0.889566056859606 -0.122077710627478
1.626704216739336 -0.876490927732942 -0.130289152442831
1.677538723512441 -0.863172336366053 -0.138586445049087
1.728373230285545 -0.849643304262919 -0.146948150839569
1.779207737058649 -0.835880192411935 -0.155391450059063
1.830042243831753 -0.821918615680359 -0.163893358081553
1.880876750604858 -0.807739312008993 -0.172467611288555
1.931711257377962 -0.793369935937496 -0.181096124557932
1.982545764151066 -0.778833100864683 -0.189766987357992
2.033380270924170 -0.764097061475254 -0.198497702004987
2.084214777697275 -0.749208941512098 -0.207261178397852
2.135049284470379 -0.734153640219702 -0.216064852892535
2.185883791243483 -0.718960041041538 -0.224892166421070
2.236718298016588 -0.703626939193768 -0.233742252466345
2.287552804789692 -0.688161777227515 -0.242610564584042
2.338387311562796 -0.672583862592789 -0.251484270566660
2.389221818335900 -0.656885183365195 -0.260367149428880
2.440056325109004 -0.641092282766994 -0.269242184283480
2.490890831882109 -0.625212381525374 -0.278104117224309
2.541725338655213 -0.609250732101628 -0.286947937773408
2.592559845428317 -0.593206326960659 -0.295772292768280
2.643394352201422 -0.577118127126144 -0.304553564962410
2.694228858974526 -0.560962816582900 -0.313302208448790
2.745063365747630 -0.544774008833061 -0.321997576796643
2.795897872520734 -0.528546730001534 -0.330639605624195
2.846732379293839 -0.512299484085015 -0.339215920846959
2.897566886066943 -0.496035162120251 -0.347721774317080
2.948401392840047 -0.479765285373320 -0.356148520926079
2.999235899613151 -0.463505021260607 -0.364484686684071
3.050070406386256 -0.447248568713220 -0.372730571741145
3.100904913159360 -0.431026700181380 -0.380866505179277
3.151739419932464 -0.414820964566905 -0.388899089252732
3.202573926705568 -0.398667305860515 -0.396805967003059
3.253408433478673 -0.382556032291622 -0.404589395991376
3.304242940251777 -0.366506996553971 -0.412234903961813
3.355077447024881 -0.350517105331881 -0.419741469596236
3.405911953797986 -0.334605991590856 -0.427094675768962
3.456746460571090 -0.318771125107849 -0.434293337078693
3.507580967344194 -0.303030619676996 -0.441323742152128
3.558415474117298 -0.287384647897661 -0.448183687312808
3.609249980890402 -0.271842630571802 -0.454863270902155
3.660084487663507 -0.256416421013754 -0.461355518890188
3.710918994436611 -0.241105946769857 -0.467654576213241
3.761753501209716 -0.225925592807759 -0.473752874488327
3.812588007982820 -0.210872342050372 -0.479645565401358
3.863422514755924 -0.195962829210961 -0.485324765249456
3.914257021529028 -0.181197483783799 -0.490784263204122
3.965091528302132 -0.166584110929255 -0.496020184260286
4.015926035075236 -0.152128831666382 -0.501024176887511
4.066760541848341 -0.137838555961400 -0.505793402922488
4.117595048621445 -0.123714690314600 -0.510321178933254
4.168429555394550 -0.109770147901295 -0.514603447898587
4.219264062167654 -0.095998111944541 -0.518636122724590
4.270098568940758 -0.082411860862301 -0.522415692559643
4.320933075713862 -0.069020681766313 -0.525933797983240
4.371767582486966 -0.055811308509795 -0.529194911798432
4.422602089260071 -0.042814016003183 -0.532185718822916
4.473436596033175 -0.030001955892631 -0.534914261671027
4.524271102806280 -0.017404949091749 -0.537368057002175
4.575105609579383 -0.005009364065702 -0.539552580348568
4.625940116352488 0.007167211898357 -0.541458922306093
4.676774623125592 0.019133600602555 -0.543092117732635
4.727609129898696 0.030882397916180 -0.544445284166933
4.778443636671801 0.042410742771425 -0.545522476529156
4.829278143444905 0.053715725150617 -0.546317987575455
4.880112650218009 0.064797624038605 -0.546837066543134
4.930947156991113 0.075657124602375 -0.547074111131341
4.981781663764218 0.086279244109261 -0.547035227926210
5.032616170537321 0.096680253782042 -0.546715252537365
5.083450677310426 0.106842776310588 -0.546121734242721
5.134285184083531 0.116780391590443 -0.545248970490233
5.185119690856634 0.126477917960434 -0.544106329295446
5.235954197629739 0.135953046540932 -0.542686689391213
5.286788704402843 0.145173394399997 -0.541004525007391
5.337623211175947 0.154182315307289 -0.539047275512469
5.388457717949052 0.162938977593545 -0.536833177452993
5.439292224722156 0.171466170818310 -0.534353326453389
5.490126731495260 0.179761115477782 -0.531618641629007
5.540961238268364 0.187811957530525 -0.528629636253377
5.591795745041469 0.195634978196279 -0.525392628825025
5.642630251814572 0.203223840068707 -0.521905640188428
5.693464758587678 0.210577677896824 -0.518182689618719
5.744299265360782 0.217701188579090 -0.514217335439997
5.795133772133886 0.224584288333677 -0.510030586039941
5.845968278906990 0.231247963829370 -0.505605606494253
5.896802785680094 0.237677012991416 -0.500967560189044
5.947637292453198 0.243876913168692 -0.496109678920606
5.998471799226302 0.249854467359708 -0.491043293046374
6.049306305999408 0.255598575316769 -0.485774668119721
6.100140812772511 0.261130871888787 -0.480302281854201
6.150975319545616 0.266433317912443 -0.474639288262069
6.201809826318720 0.271515429115108 -0.468797676974762
6.252644333091824 0.276387311106822 -0.462760114398596
6.303478839864928 0.281033793219499 -0.456568100939363
6.354313346638033 0.285474437319852 -0.450191571987613
6.405147853411137 0.289701467427404 -0.443664269387016
6.455982360184241 0.293716732225600 -0.436980159915604
6.506816866957346 0.297530723131455 -0.430146864447635
6.557651373730450 0.301133159389696 -0.423178687318838
6.608485880503554 0.304544840426113 -0.416062606336999
6.659320387276658 0.307743598621983 -0.408840398662744
6.710154894049762 0.310760136447241 -0.401474446431937
6.760989400822867 0.313571775239879 -0.394011974261390
6.811823907595971 0.316199568598557 -0.386435213290748
6.862658414369076 0.318635841185102 -0.378756091784802
6.913492921142180 0.320890829498398 -0.370982695661106
6.964327427915284 0.322957927433427 -0.363129394996034
7.015161934688388 0.324850951875869 -0.355190763180151
7.065996441461492 0.326564421064654 -0.347176781347370
7.116830948234597 0.328109199733991 -0.339089686927092
7.167665455007701 0.329478305084731 -0.330953302141692
7.218499961780805 0.330685449680929 -0.322753374128154
7.269334468553910 0.331724592562273 -0.314511387494486
7.320168975327014 0.332607286589922 -0.306220850698310
7.371003482100118 0.333328857862917 -0.297899357173073
7.421837988873222 0.333899972492934 -0.289542556795410
7.472672495646327 0.334316799110801 -0.281166278003041
7.523507002419431 0.334589396331900 -0.272767033934199
7.574341509192535 0.334714574628305 -0.264359852994916
7.625176015965639 0.334701899523446 -0.255941029280483
7.676010522738743 0.334548753551258 -0.247526464543268
7.726845029511848 0.334264095123696 -0.239107729085094
7.777679536284952 0.333845509670081 -0.230699113198642
7.828514043058056 0.333302520328403 -0.222309748810804
7.879348549831161 0.332632622403649 -0.213939226759543
7.930183056604265 0.331844820550791 -0.205593188885815
7.981017563377369 0.330935900978639 -0.197267291678365
8.031852070150473 0.329916957666080 -0.188986790046758
8.082686576923578 0.328784314193711 -0.180739811243800
8.133521083696682 0.327545539832977 -0.172526481974167
8.184355590469785 0.326203419593769 -0.164378951190471
8.235190097242890 0.324759832042421 -0.156261647032727
8.286024604015994 0.323219684840772 -0.148216212941082
8.336859110789099 0.321585778976737 -0.140216587467993
8.387693617562203 0.319860461009065 -0.132286793617685
8.438528124335308 0.318050647287351 -0.124423125819866
8.489362631108412 0.316153094619150 -0.116622433053046
8.540197137881515 0.314180268812299 -0.108905474698823
8.591031644654620 0.312125434841615 -0.101254439885377
8.641866151427724 0.309999569963522 -0.093684688369473
8.692700658200829 0.307803552568478 -0.086205752420392
8.743535164973933 0.305539059327406 -0.078799968538494
8.794369671747036 0.303209234970139 -0.071485113925802
8.845204178520142 0.300822552201525 -0.064265589597910
8.896038685293245 0.298375193258697 -0.057135737134465
8.946873192066350 0.295875920720525 -0.050101720324407
8.997707698839454 0.293322837399735 -0.043163592695993
9.048542205612559 0.290723634847647 -0.036324479517421
9.099376712385663 0.288077456036347 -0.029586942094758
9.150211219158766 0.285392416715985 -0.022954972683163
9.201045725931872 0.282665623944445 -0.016425737986239
9.251880232704975 0.279905109322679 -0.010003329799999
9.302714739478080 0.277109820485005 -0.003689162624574
9.353549246251184 0.274287562266197 0.002513449748125
9.404383753024289 0.271435941566918 0.008606308411477
9.455218259797393 0.268563733884023 0.014584007826416
9.506052766570496 0.265665334169301 0.020454894432243
9.556887273343602 0.262752032143003 0.026208261105774
9.607721780116705 0.259822828488762 0.031843625342811
9.658556286889810 0.256880921533203 0.037366370996773
9.709390793662914 0.253927935483624 0.042770837594069
9.760225300436018 0.250968418409551 0.048059580127761
9.811059807209123 0.248003930173278 0.053227609409688
9.861894313982226 0.245036369482203 0.058281783311695
9.912728820755332 0.242070408729051 0.063212127720085
9.963563327528435 0.239106177406787 0.068028151318986
10.014397834301541 0.236148966608770 0.072719430044035
10.065232341074642 0.233198391758474 0.077295841380688
10.116066847847748 0.230255583985356 0.081753678292837
10.166901354620853 0.227327950802401 0.086090479445794
10.217735861393956 0.224413221180681 0.090308188045230
10.268570368167062 0.221516871181056 0.094407102877517
10.319404874940165 0.218637106580433 0.098388392461259
10.370239381713269 0.215779178360744 0.102252491682379
10.421073888486374 0.212943779448191 0.105997320488616
10.471908395259478 0.210135544567082 0.109624249116959
10.522742902032583 0.207351325417315 0.113136278374605
10.573577408805686 0.204596369629741 0.116533635784927
10.624411915578792 0.201872993026980 0.119812682381318
10.675246422351893 0.199181080923478 0.122980205535493
10.726080929124999 0.196523149187702 0.126032433988626
10.776915435898104 0.193900374239801 0.128974294750989
10.827749942671208 0.191317024321436 0.131800455342275
10.878584449444313 0.188769310218413 0.134521017345538
10.929418956217416 0.186263076222144 0.137129078816487
10.980253462990520 0.183798987225978 0.139629777290719
11.031087969763623 0.181377768067874 0.142021941295882
11.081922476536729 0.179000958447499 0.144309486136402
11.132756983309834 0.176669535938441 0.146491129359285
11.183591490082938 0.174383572769569 0.148571885704506
11.234425996856043 0.172148834221047 0.150546377028778
11.285260503629145 0.169960411819200 0.152423902849874
11.336095010402250 0.167823569979747 0.154199712041484
11.386929517175355 0.165737601675813 0.155879177900558
11.437764023948459 0.163702905241620 0.157461840932906
11.488598530721564 0.161723324872374 0.158949266444139
11.539433037494668 0.159796072240379 0.160343619783886
11.590267544267771 0.157924111703322 0.161646943272719
11.641102051040875 0.156107420598984 0.162859426579846
11.691936557813980 0.154347181505583 0.163984306325904
11.742771064587085 0.152644821620646 0.165020991349776
11.793605571360189 0.150999004419110 0.165974122663161
11.844440078133294 0.149411822644885 0.166842781500614
11.895274584906396 0.147884165649662 0.167630207157181
11.946109091679501 0.146414471574321 0.168337588685587
11.996943598452605 0.145006260043403 0.168966689980012
12.047778105225710 0.143657830175092 0.169518903731863
12.098612611998815 0.142370101359199 0.169997040661715
12.149447118771919 0.141143541643576 0.170401573486008
12.200281625545022 0.139979571598909 0.170735170505589
12.251116132318126 0.138875986562105 0.170999177595453
12.301950639091231 0.137836500476679 0.171195568681235
12.352785145864335 0.136858108336686 0.171325863554901
12.403619652637440 0.135943798074028 0.171392225932209
12.454454159410545 0.135091892000967 0.171395921935508
12.505288666183647 0.134303983866777 0.171339285311634
12.556123172956752 0.133578855025554 0.171223448859397
12.606957679729856 0.132918546636654 0.171050861766592
12.657792186502961 0.132321157650537 0.170822504728137
12.708626693276067 0.131788898095858 0.170540942207880
12.759461200049170 0.131319924778208 0.170207013994296
12.810295706822274 0.130916212281312 0.169823318166005
12.861130213595377 0.130576192835646 0.169390698355972
12.911964720368482 0.130301536825530 0.168911726707624
12.962799227141586 0.130090800626553 0.168387091973129
13.013633733914691 0.129945544008169 0.167819511906677
13.064468240687797 0.129864431712645 0.167209654721451
13.115302747460900 0.129848807166824 0.166560011530063
13.166137254234004 0.129897496635376 0.165871302781454
13.216971761007107 0.130011708643620 0.165146023660952
13.267806267780212 0.130190359504731 0.164384822643855
13.318640774553316 0.130434542625740 0.163590160862068
13.369475281326421 0.130743152523095 0.162762892340931
13.420309788099525 0.131117279703184 0.161905100740634
13.471144294872628 0.131556160063623 0.161017121818076
13.521978801645734 0.132060522376802 0.160101717382052
13.572813308418837 0.132628985173251 0.159160191786322
13.623647815191942 0.133263497265729 0.158192995327183
13.674482321965046 0.133962115061692 0.157202450682747
13.725316828738151 0.134726627643986 0.156189262887152
13.776151335511255 0.135554931299458 0.155155716974289
13.826985842284360 0.136449295994945 0.154101929696832
13.877820349057462 0.137408214001789 0.153029467578583
13.928654855830567 0.138431487379738 0.151941169475639
13.979489362603672 0.139520011670118 0.150835851672722
14.030323869376776 0.140673150453816 0.149716732915453
14.081158376149881 0.141891827414995 0.148582799507944
14.131992882922983 0.143173871261180 0.147438418184846
14.182827389696088 0.144521846249460 0.146281157028178
14.233661896469194 0.145933543631719 0.145115203831234
14.284496403242299 0.147409617909280 0.143939833246209
14.335330910015402 0.148951349211691 0.142756218959106
14.386165416788504 0.150555496926864 0.141566718808275
14.436999923561610 0.152226312840208 0.140370180304531
14.487834430334715 0.153959292366896 0.139169800122521
14.538668937107820 0.155757161473246 0.137965461725877
14.589503443880922 0.157620422060194 0.136756897113397
14.640337950654027 0.159545149551193 0.135548334662340
14.691172457427131 0.161534752725035 0.134337523291321
14.742006964200236 0.163588905377093 0.133126382716403
14.792841470973341 0.165706506268174 0.131915530716676
14.843675977746443 0.167885919080864 0.130707375499401
14.894510484519548 0.170129886368108 0.129500318695200
14.945344991292654 0.172436051640567 0.128297090052855
14.996179498065757 0.174807022529826 0.127096270551986
15.047014004838863 0.177240014626685 0.125900670024960
15.097848511611964 0.179735020099598 0.124710143255495
15.148683018385070 0.182292557317713 0.123525710861733
15.199517525158175 0.184912409622842 0.122347362103895
15.250352031931278 0.187594071897175 0.121176520266529
15.301186538704384 0.190337684578050 0.120012989456427
15.352021045477485 0.193142499023726 0.118858205956826
15.402855552250591 0.196008769077439 0.117711908496520
15.453690059023696 0.198935608899768 0.116575496308254
15.504524565796801 0.201923320583676 0.115448672850596
15.555359072569903 0.204970914658387 0.114332786107541
15.606193579343007 0.208078715752572 0.113227515178107
15.657028086116112 0.211245665597230 0.112134145154035
15.707862592889217 0.214472017122887 0.111052363191963
15.758697099662323 0.217756974806389 0.109983285284515
15.809531606435424 0.221101580041009 0.108926350888987
15.860366113208530 0.224502835314640 0.107883298203678
15.911200619981633 0.227961479792941 0.106853607772197
15.962035126754738 0.231476538455373 0.105838296185785
16.012869633527842 0.235048459666336 0.104836943855598
16.063704140300946 0.238675367370134 0.103850752847692
16.114538647074049 0.242358805989727 0.102878996862648
16.165373153847156 0.246097690417127 0.101922629926547
16.216207660620260 0.249889737081708 0.100981900848988
16.267042167393363 0.253733838920480 0.100057634339427
16.317876674166467 0.257631463570762 0.099149118823878
16.368711180939570 0.261580330377210 0.098257429789220
16.419545687712677 0.265583548511891 0.097381525463000
16.470380194485781 0.269635377816754 0.096523185727736
16.521214701258884 0.273735923774710 0.095681951705764
16.572049208031988 0.277884738481175 0.094858365777049
16.622883714805095 0.282083729705375 0.094051656745288
16.673718221578198 0.286331134715694 0.093262647333439
16.724552728351302 0.290621528459321 0.092491890084733
16.775387235124406 0.294957494179545 0.091739289737481
16.826221741897509 0.299337972882549 0.091004595907612
16.877056248670616 0.303764693685358 0.090287932578822
16.927890755443720 0.308230792446935 0.089589959160495
16.978725262216823 0.312737182117471 0.088910837711332
17.029559768989927 0.317283808972500 0.088250104851198
17.080394275763030 0.321872465858516 0.087607862835299
17.131228782536137 0.326496549097052 0.086984570340276
17.182063289309241 0.331155259929257 0.086380594554201
17.232897796082344 0.335849659375237 0.085795298473678
17.283732302855448 0.340580953383369 0.085228854777216
17.334566809628551 0.345343014819221 0.084681514268177
17.385401316401659 0.350133779678490 0.084153742111325
17.436235823174762 0.354954874701310 0.083644837188949
17.487070329947866 0.359807152772881 0.083155001189679
17.537904836720969 0.364685109023100 0.082684295413210
17.588739343494073 0.369585127375831 0.082233275177384
17.639573850267180 0.374509360222290 0.081801200524266
17.690408357040283 0.379458211597657 0.081388302352888
17.741242863813387 0.384428258264584 0.080994372888642
17.792077370586490 0.389411488432598 0.080620237330428
17.842911877359597 0.394414088698810 0.080264874963654
17.893746384132701 0.399431649719830 0.079928848346394
17.944580890905804 0.404466528093795 0.079611494304851
17.995415397678908 0.409506107916277 0.079313815139575
18.046249904452011 0.414558825683864 0.079034742541348
18.097084411225119 0.419615574452176 0.078775015734621
18.147918917998222 0.424684018676758 0.078533707606775
18.198753424771326 0.429752752977594 0.078311626049234
18.249587931544429 0.434822007088254 0.078108168706158
18.300422438317533 0.439890199964855 0.077923636898414
18.351256945090640 0.444956875641083 0.077757493833165
18.402091451863743 0.450020050808881 0.077610077751309
18.452925958636847 0.455076843454082 0.077480930189741
18.503760465409950 0.460119875074719 0.077370475018951
18.554594972183054 0.465154873738528 0.077278019940898
18.605429478956161 0.470172502549300 0.077204017748210
18.656263985729264 0.475178820796060 0.077147822968488
18.707098492502368 0.480165201012155 0.077109860409061
18.757932999275472 0.485129460345547 0.077089559436910
18.808767506048579 0.490069308973656 0.077087234488207
18.859602012821682 0.494984605851586 0.077102320732346
18.910436519594786 0.499869910082991 0.077135141820547
18.961271026367889 0.504726755590841 0.077185144129484
19.012105533140993 0.509550006150781 0.077252662569664
19.062940039914100 0.514336787377937 0.077337081359145
19.113774546687203 0.519082537146974 0.077438698890241
19.164609053460307 0.523788288542895 0.077556954630363
19.215443560233410 0.528451539529874 0.077692243249695
19.266278067006514 0.533064824766251 0.077843757595794
19.317112573779621 0.537630794995638 0.078012042700099
19.367947080552725 0.542145728270500 0.078196416457057
19.418781587325828 0.546601051862936 0.078397004162151
19.469616094098932 0.551005305515662 0.078613628861451
19.520450600872035 0.555341781100890 0.078846025188795
19.571285107645142 0.559619800229639 0.079094075808894
19.622119614418246 0.563828738988746 0.079357809794260
19.672954121191349 0.567969067779526 0.079636626034872
19.723788627964453 0.572036075060269 0.079930884839975
19.774623134737556 0.576029336439589 0.080239938140356
19.825457641510663 0.579942969806771 0.080564077330336
19.876292148283767 0.583777273354876 0.080902693720141
19.927126655056870 0.587525860056975 0.081256050169335
19.977961161829974 0.591190327829597 0.081623656739218
20.028795668603081 0.594762249371506 0.082005592817306
20.079630175376185 0.598242402541356 0.082401241208557
20.130464682149285 0.601624908285760 0.082810952729877
20.181299188922392 0.604910256699442 0.083234075420190
20.232133695695495 0.608091698762088 0.083670886340480
20.282968202468602 0.611170104648185 0.084120751881146
20.333802709241706 0.614138465124794 0.084583940074379
20.384637216014809 0.616997940578412 0.085059828112573
20.435471722787913 0.619742137285927 0.085548842063732
20.486306229561016 0.622371012481522 0.086050120831181
20.537140736334123 0.624876782524892 0.086563825419436
20.587975243107227 0.627262173575656 0.087089547426672
20.638809749880330 0.629518971487205 0.087627426139927
20.689644256653434 0.631649268922564 0.088176883394441
20.740478763426538 0.633645332126379 0.088738220507872
20.791313270199645 0.635509831938778 0.089311020845154
20.842147776972748 0.637232938298907 0.089895007774229
20.892982283745852 0.638817831928987 0.090489741903586
20.943816790518955 0.640256176641119 0.091095443183176
20.994651297292059 0.641551399978564 0.091711807880371
21.045485804065166 0.642694698518210 0.092339113505191
21.096320310838266 0.643687932027024 0.092976023048076
21.147154817611373 0.644523085424313 0.093623083040722
21.197989324384476 0.645204100526323 0.094280184065336
21.248823831157583 0.645721553482360 0.094947696048914
21.299658337930687 0.646078148786345 0.095622878076074
21.350492844703787 0.646266338075772 0.096309420239362
21.401327351476894 0.646288970644384 0.097003493486903
21.452161858249998 0.646137090294596 0.097707464470223
21.502996365023105 0.645814977527548 0.098419619002977
21.553830871796208 0.645313196699108 0.099140449271406
21.604665378569312 0.644635774535158 0.099869925542025
21.655499885342415 0.643774705411255 0.100606672116287
21.706334392115519 0.642732077328036 0.101352569275564
21.757168898888626 0.641501310584791 0.102105230012550
21.808003405661729 0.640085550059377 0.102865806614096
21.858837912434833 0.638475851819753 0.103633652532535
21.909672419207936 0.636676918791124 0.104408850801243
21.960506925981040 0.634679465219597 0.105190994045953
22.011341432754147 0.632489796539536 0.105979668926736
22.062175939527247 0.630096909117304 0.106775138533541
22.113010446300354 0.627507284278142 0.107576987587791
22.163844953073458 0.624711203303741 0.108385007033773
22.214679459846561 0.621713754394221 0.109199300062434
22.265513966619668 0.618508168159433 0.110018868667323
22.316348473392768 0.615095896579440 0.110844814954404
22.367182980165875 0.611473945403708 0.111675270559175
22.418017486938979 0.607641219909443 0.112511915237846
22.468851993712086 0.603593670144969 0.113353168564975
22.519686500485189 0.599337668697372 0.114199139153494
22.570521007258289 0.594860081705436 0.115050178818145
22.621355514031396 0.590170827576863 0.115905685756187
22.672190020804500 0.585260901610002 0.116765243201388
22.723024527577607 0.580134362435735 0.117629400844066
22.773859034350711 0.574787484732084 0.118496830439232
22.824693541123814 0.569223877679937 0.119368242745010
22.875528047896918 0.563428324646007 0.120244063927115
22.926362554670021 0.557424269838764 0.121122019099134
22.977197061443128 0.551185280126264 0.122004206797417
23.028031568216228 0.544738358134015 0.122888040806942
23.078866074989335 0.538052327452263 0.123776099962360
23.129700581762439 0.531155587737546 0.124665776773567
23.180535088535542 0.524019479786538 0.125559139882158
23.231369595308649 0.516671181100485 0.126453934170480
23.282204102081749 0.509095593128588 0.127350509739928
23.333038608854856 0.501298112421296 0.128249393300604
23.383873115627960 0.493272348381526 0.129149796469137
23.434707622401064 0.485022152267963 0.130052436054663
23.485542129174171 0.476549098843555 0.130955665446938
23.536376635947271 0.467859583501943 0.131860026220007
23.587211142720378 0.458939123672178 0.132765570122490
23.638045649493481 0.449801880168120 0.133672026987744
23.688880156266588 0.440437572316560 0.134579003146971
23.739714663039688 0.430859397124677 0.135486405484116
23.790549169812792 0.421060214594703 0.136393551690692
23.841383676585899 0.411039503697529 0.137301651256738
23.892218183359002 0.400818924156060 0.138207440168246
23.943052690132109 0.390347307518531 0.139116581251660
23.993887196905209 0.379700765180013 0.140021120747213
24.044721703678317 0.368821746746827 0.140927256439241
24.095556210451420 0.357728094186243 0.141832046830962
24.146390717224524 0.346441328469089 0.142735023902014
24.197225223997631 0.334941494495903 0.143636465804353
24.248059730770731 0.323229987755027 0.144537466465178
24.298894237543838 0.311313466543382 0.145436143961074
24.349728744316941 0.299209455673516 0.146332465930903
24.400563251090045 0.286897582958666 0.147226609246858
24.451397757863152 0.274397085373557 0.148118429778808
24.502232264636252 0.261696522193278 0.149007403916175
24.553066771409359 0.248812718692272 0.149893623320499
24.603901278182462 0.235734456076675 0.150776514678861
24.654735784955566 0.222480800923906 0.151656074080912
24.705570291728669 0.209031343018376 0.152532291178158
24.756404798501773 0.195408116669944 0.153404991484406
24.807239305274880 0.181616626912487 0.154272485650736
24.858073812047984 0.167654101713710 0.155136259647446
24.908908318821091 0.153523214439738 0.155994764942730
24.959742825594191 0.139218566594214 0.156849617535530
25.010577332367294 0.124751532913727 0.157698707333221
25.061411839140401 0.110153777862667 0.158541544549650
25.112246345913505 0.095375540027774 0.159379572553338
25.163080852686612 0.080447953873441 0.160212285139599
25.213915359459712 0.065405591373621 0.161036364367982
25.264749866232819 0.050192023146680 0.161856233451484
25.315584373005922 0.034850414700395 0.162668027975538
25.366418879779026 0.019395948099578 0.163472346249651
25.417253386552133 0.003781434063665 0.164270083999887
25.468087893325233 -0.011914578932525 0.165058591358266
25.518922400098340 -0.027767289196950 0.165840087068458
25.569756906871444 -0.043697911292371 0.166612022302246
25.620591413644547 -0.059761378211701 0.167375481268328
25.671425920417651 -0.075910672539103 0.168129556085209
25.722260427190754 -0.092161406902640 0.168873361091798
25.773094933963861 -0.108509886776448 0.169608056702902
25.823929440736965 -0.124923788688122 0.170330525898679
25.874763947510072 -0.141438210436759 0.171043678516048
25.925598454283172 -0.158028776080753 0.171744666389538
25.976432961056275 -0.174676731245344 0.172434087113446
26.027267467829382 -0.191384361852894 0.173110246258946
26.078101974602486 -0.208155148311814 0.173774654656811
26.128936481375593 -0.224984085349690 0.174425205663238
26.179770988148693 -0.241842073525939 0.175062169103268
26.230605494921800 -0.258752044808424 0.175684465193174
26.281440001694904 -0.275690116581478 0.176292572486963
26.332274508468007 -0.292656890072611 0.176884492785183
26.383109015241114 -0.309639148796105 0.177461143639833
26.433943522014214 -0.326639587082088 0.178020511658229
26.484778028787321 -0.343649795493374 0.178563677277193
26.535612535560425 -0.360645221165298 0.179087691886191
26.586447042333528 -0.377651537090834 0.179594721868654
26.637281549106632 -0.394638351950297 0.180081544067317
26.688116055879735 -0.411595432578098 0.180549288419178
26.738950562652843 -0.428549012725766 0.180996254053503
26.789785069425946 -0.445454585834497 0.181422621302489
26.840619576199050 -0.462318488662262 0.181826100086733
26.891454082972153 -0.479141726026203 0.182208072031485
26.942288589745257 -0.495901438192715 0.182565421880212
26.993123096518364 -0.512618901812270 0.182899952617182
27.043957603291467 -0.529249540608521 0.183208035788863
27.094792110064574 -0.545806207237613 0.183491350834073
27.145626616837674 -0.562294578279159 0.183747076901743
27.196461123610778 -0.578690356311166 0.183976180705597
27.247295630383885 -0.594968467366697 0.184175395876999
27.298130137156988 -0.611169680844424 0.184346594295142
27.348964643930092 -0.627260704657085 0.184486154483373
27.399799150703195 -0.643202877080420 0.184595263567461
27.450633657476303 -0.659050265379654 0.184670981681836
27.501468164249406 -0.674763911349371 0.184714383961852
27.552302671022510 -0.690316790009142 0.184722031889180
27.603137177795617 -0.705738075513370 0.184695383679703
27.653971684568720 -0.721017310999185 0.184630656582086
27.704806191341824 -0.736105746806737 0.184529580607163
27.755640698114924 -0.751049610554198 0.184388046050397
27.806475204888031 -0.765820673325552 0.184207589208094
27.857309711661134 -0.780386695139590 0.183984700474853
27.908144218434238 -0.794783420472755 0.183720332297289
27.958978725207345 -0.808992476871555 0.183410332012329
28.009813231980448 -0.822961721841983 0.183057578400852
28.060647738753552 -0.836769812343645 0.182655471781472
28.111482245526659 -0.850312077451342 0.182208587917026
28.162316752299763 -0.863674207265146 0.181709454217822
28.213151259072863 -0.876778076321097 0.181162348833681
28.263985765845966 -0.889658925651909 0.180561038151274
28.314820272619073 -0.902290568068120 0.179908194855571
28.365654779392177 -0.914674857461801 0.179198588299623
28.416489286165280 -0.926801488552135 0.178434404077494
28.467323792938387 -0.938666114435392 0.177610455122169
28.518158299711491 -0.950265713112780 0.176728578945508
28.568992806484598 -0.961578741936508 0.175784745284089
28.619827313257701 -0.972633160915085 0.174778248423635
28.670661820030805 -0.983371403054050 0.173708281690756
28.721496326803905 -0.993843162844742 0.172571948409275
28.772330833577008 -1.004003282222029 0.171367256937074
28.823165340350116 -1.013860248101524 0.170095667360948
28.873999847123219 -1.023408290035111 0.168750837477293
28.924834353896326 -1.032645795697091 0.167335232093572
28.975668860669430 -1.041552487779322 0.165844658888406
29.026503367442533 -1.050151903880948 0.164277543378492
29.077337874215640 -1.058395306542392 0.162635019805174
29.128172380988744 -1.066331525418184 0.160910284715437
29.179006887761844 -1.073908515564372 0.159105544075036
29.229841394534947 -1.081151525363338 0.157218730302173
29.280675901308054 -1.088041482433130 0.155244965548158
29.331510408081158 -1.094582046110907 0.153187293805439
29.382344914854261 -1.100758290837354 0.151040339781072
29.433179421627369 -1.106586789630799 0.148802617895584
29.484013928400472 -1.112035238258365 0.146475410645248
29.534848435173579 -1.117132245324939 0.144052096483574
29.585682941946683 -1.121844944249798 0.141535114120418
29.636517448719786 -1.126193691090666 0.138921026707107
29.687351955492886 -1.130156185850299 0.136208355269696
29.738186462265990 -1.133747714171729 0.133395739404541
29.789020969039097 -1.136951919464245 0.130477663958884
29.839855475812200 -1.139775152501002 0.127460365666999
29.890689982585307 -1.142206010531486 0.124335718986060
29.941524489358411 -1.144255843124494 0.121104392362714
29.992358996131514 -1.145908286180757 0.117764284046764
30.043193502904622 -1.147176119147778 0.114314675923085
30.094028009677725 -1.148044419529769 0.110753204159568
30.144862516450825 -1.148525625430450 0.107078066997558
30.195697023223929 -1.148605773264014 0.103290663279353
30.246531529997036 -1.148297025853074 0.099384699621233
30.297366036770139 -1.147587390333677 0.095365501063768
30.348200543543243 -1.146487413078803 0.091224037345057
30.399035050316350 -1.144987313947789 0.086966339290166
30.449869557089453 -1.143097069171154 0.082585845727269
30.500704063862557 -1.140808618080365 0.078086649922685
